4310.2743474041  -5.875176E-12
4311.19856243543  -5.444607E-12
4312.12277746676  -4.688605E-12
4313.04699249808  -5.002285E-12
4313.97120752941  -5.850822E-12
4314.89542256073  -6.042963E-12
4315.81963759206  -5.581850E-12
4316.74385262338  -4.959306E-12
4317.66806765471  -4.819679E-12
4318.59228268604  -5.871383E-12
4319.51649771736  -5.870238E-12
4320.44071274869  -5.452745E-12
4321.36492778001  -5.274101E-12
4322.28914281134  -5.304462E-12
4323.21335784266  -5.384232E-12
4324.13757287399  -5.200727E-12
4325.06178790532  -4.871104E-12
4325.98600293664  -4.952485E-12
4326.91021796797  -5.225413E-12
4327.83443299929  -4.952655E-12
4328.75864803062  -4.892609E-12
4329.68286306195  -4.879627E-12
4330.60707809327  -4.654208E-12
4331.5312931246  -4.467978E-12
4332.45550815592  -4.230831E-12
4333.37972318725  -3.906319E-12
4334.30393821857  -3.266549E-12
4335.2281532499  -2.490231E-12
4336.15236828122  -2.809753E-12
4337.07658331255  -2.972257E-12
4338.00079834388  -2.526798E-12
4338.9250133752  -2.008942E-12
4339.84922840653  -1.619102E-12
4340.77344343785  -1.381005E-12
4341.69765846918  6.482169E-13
4342.62187350051  8.380211E-12
4343.54608853183  1.943991E-11
4344.47030356316  2.518677E-11
4345.39451859448  2.279267E-11
4346.31873362581  1.510232E-11
4347.24294865714  4.746071E-12
4348.16716368846  -2.809266E-12
4349.09137871979  -4.476879E-12
4350.01559375111  -4.142221E-12
4350.93980878244  -3.792546E-12
4351.86402381376  -3.771440E-12
4352.78823884509  -3.906674E-12
4353.71245387641  -4.067386E-12
4354.63666890774  -4.301626E-12
4355.56088393907  -3.819466E-12
4356.48509897039  -3.568648E-12
4357.40931400172  -4.001441E-12
4358.33352903304  -4.328583E-12
4359.25774406437  -4.106885E-12
4360.1819590957  -3.533518E-12
4361.10617412702  -3.659889E-12
4362.03038915835  -3.846549E-12
4362.95460418967  -3.474564E-12
4363.878819221  -3.128085E-12
4364.80303425232  -2.679992E-12
4365.72724928365  -1.596623E-12
4366.65146431498  -6.208795E-13
4367.5756793463  -4.535594E-14
4368.49989437763  -5.909462E-13
4369.42410940895  -1.913096E-12
4370.34832444028  -1.362347E-12
4371.2725394716  1.288362E-12
4372.19675450293  4.397076E-12
4373.12096953426  5.613694E-12
4374.04518456558  4.184267E-12
4374.96939959691  7.169959E-13
4375.89361462823  -2.614060E-12
4376.81782965956  -3.798116E-12
4377.74204469088  -4.209495E-12
4378.66625972221  -4.028723E-12
4379.59047475353  -3.714141E-12
4380.51468978486  -4.173354E-12
4381.43890481619  -4.525537E-12
4382.36311984751  -4.674787E-12
4383.28733487884  -4.346078E-12
4384.21154991016  -3.852724E-12
4385.13576494149  -4.015444E-12
4386.05997997281  -4.011697E-12
4386.98419500414  -3.718612E-12
4387.90841003547  -3.725028E-12
4388.83262506679  -3.881710E-12
4389.75684009812  -4.242618E-12
4390.68105512944  -3.930768E-12
4391.60527016077  -3.390464E-12
4392.52948519209  -3.615634E-12
4393.45370022342  -3.916170E-12
4394.37791525475  -4.043310E-12
4395.30213028607  -4.227473E-12
4396.2263453174  -3.903480E-12
4397.15056034872  -3.899000E-12
4398.07477538005  -4.462798E-12
4398.99899041138  -4.480163E-12
4399.9232054427  -4.178621E-12
4400.84742047403  -3.794308E-12
4401.77163550535  -3.709235E-12
4402.69585053668  -4.109399E-12
4403.620065568  -3.861431E-12
4404.54428059933  -3.845053E-12
4405.46849563066  -3.946818E-12
4406.39271066198  -3.885811E-12
4407.31692569331  -4.058803E-12
4408.24114072463  -4.290957E-12
4409.16535575596  -4.252225E-12
4410.08957078729  -3.967753E-12
4411.01378581861  -3.980953E-12
4411.93800084994  -4.033590E-12
4412.86221588126  -4.028009E-12
4413.78643091259  -4.368385E-12
4414.71064594391  -4.142639E-12
4415.63486097524  -3.957658E-12
4416.55907600657  -3.885784E-12
4417.48329103789  -3.610060E-12
4418.40750606922  -3.836515E-12
4419.33172110054  -4.036591E-12
4420.25593613187  -4.048218E-12
4421.18015116319  -3.931166E-12
4422.10436619452  -4.056620E-12
4423.02858122585  -4.034851E-12
4423.95279625717  -3.956312E-12
4424.8770112885  -3.582393E-12
4425.80122631982  -3.424700E-12
4426.72544135115  -3.836244E-12
4427.64965638247  -3.472766E-12
4428.5738714138  -3.082054E-12
4429.49808644513  -3.581014E-12
4430.42230147645  -3.543452E-12
4431.34651650778  -3.160226E-12
4432.2707315391  -3.026923E-12
4433.19494657043  -3.337524E-12
4434.11916160175  -3.275568E-12
4435.04337663308  -3.159582E-12
4435.96759166441  -3.376474E-12
4436.89180669573  -3.299813E-12
4437.81602172706  -3.423129E-12
4438.74023675838  -3.754331E-12
4439.66445178971  -3.635473E-12
4440.58866682103  -3.564751E-12
4441.51288185236  -3.536336E-12
4442.43709688369  -3.453858E-12
4443.36131191501  -3.244385E-12
4444.28552694634  -3.241829E-12
4445.20974197766  -3.067009E-12
4446.13395700899  -3.272395E-12
4447.05817204031  -3.600392E-12
4447.98238707164  -3.590603E-12
4448.90660210297  -3.448735E-12
4449.83081713429  -3.480870E-12
4450.75503216562  -3.483476E-12
4451.67924719694  -3.611247E-12
4452.60346222827  -3.553445E-12
4453.52767725959  -3.125666E-12
4454.45189229092  -2.807469E-12
4455.37610732225  -2.725936E-12
4456.30032235357  -2.929193E-12
4457.2245373849  -3.109715E-12
4458.14875241622  -3.240478E-12
4459.07296744755  -3.443061E-12
4459.99718247887  -3.606181E-12
4460.9213975102  -3.563935E-12
4461.84561254152  -3.158313E-12
4462.76982757285  -3.212295E-12
4463.69404260418  -3.349361E-12
4464.6182576355  -2.895981E-12
4465.54247266683  -2.781927E-12
4466.46668769815  -3.365809E-12
4467.39090272948  -3.751756E-12
4468.31511776081  -3.741427E-12
4469.23933279213  -3.795240E-12
4470.16354782346  -3.757014E-12
4471.08776285478  -3.484773E-12
4472.01197788611  -3.283562E-12
4472.93619291744  -3.734224E-12
4473.86040794876  -3.810837E-12
4474.78462298009  -3.535646E-12
4475.70883801141  -3.445836E-12
4476.63305304274  -3.840585E-12
4477.55726807406  -3.969906E-12
4478.48148310539  -3.696046E-12
4479.40569813671  -3.657713E-12
4480.32991316804  -3.568699E-12
4481.25412819937  -3.488085E-12
4482.17834323069  -3.661202E-12
4483.10255826202  -3.637648E-12
4484.02677329334  -3.611859E-12
4484.95098832467  -3.824288E-12
4485.875203356  -3.638033E-12
4486.79941838732  -3.582502E-12
4487.72363341865  -3.542450E-12
4488.64784844997  -3.379504E-12
4489.5720634813  -3.010652E-12
4490.49627851262  -3.094422E-12
4491.42049354395  -2.636209E-12
4492.34470857528  -2.545241E-12
4493.2689236066  -2.236482E-12
4494.19313863793  -3.143356E-12
4495.11735366925  -3.949755E-12
4496.04156870058  -3.633668E-12
4496.9657837319  -3.745163E-12
4497.88999876323  -3.619900E-12
4498.81421379456  -3.826564E-12
4499.73842882588  -3.627513E-12
4500.66264385721  -3.342358E-12
4501.58685888853  -3.699376E-12
4502.51107391986  -3.940957E-12
4503.43528895119  -3.753792E-12
4504.35950398251  -3.297672E-12
4505.28371901384  -3.396199E-12
4506.20793404516  -3.366883E-12
4507.13214907649  -3.293456E-12
4508.05636410781  -3.291162E-12
4508.98057913914  -3.582953E-12
4509.90479417047  -3.453794E-12
4510.82900920179  -3.326199E-12
4511.75322423312  -3.432408E-12
4512.67743926444  -3.264346E-12
4513.60165429577  -3.134469E-12
4514.52586932709  -2.953715E-12
4515.45008435842  -3.676173E-12
4516.37429938975  -3.725587E-12
4517.29851442107  -3.589682E-12
4518.2227294524  -3.297007E-12
4519.14694448372  -3.192457E-12
4520.07115951505  -3.418082E-12
4520.99537454637  -3.349777E-12
4521.9195895777  -3.093327E-12
4522.84380460903  -2.835058E-12
4523.76801964035  -3.180139E-12
4524.69223467168  -3.296275E-12
4525.616449703  -3.288233E-12
4526.54066473433  -3.206662E-12
4527.46487976565  -3.269419E-12
4528.38909479698  -3.570547E-12
4529.31330982831  -3.646506E-12
4530.23752485963  -3.280871E-12
4531.16173989096  -3.214994E-12
4532.08595492228  -3.348164E-12
4533.01016995361  -3.596100E-12
4533.93438498493  -3.247285E-12
4534.85860001626  -3.139926E-12
4535.78281504759  -3.384054E-12
4536.70703007891  -3.286821E-12
4537.63124511024  -3.136389E-12
4538.55546014156  -3.664092E-12
4539.47967517289  -3.585919E-12
4540.40389020421  -3.281054E-12
4541.32810523554  -3.413724E-12
4542.25232026687  -3.347050E-12
4543.17653529819  -3.240701E-12
4544.10075032952  -2.999516E-12
4545.02496536084  -2.992095E-12
4545.94918039217  -3.250233E-12
4546.87339542349  -3.350372E-12
4547.79761045482  -3.289218E-12
4548.72182548615  -3.097883E-12
4549.64604051747  -3.311705E-12
4550.5702555488  -3.073263E-12
4551.49447058012  -3.013326E-12
4552.41868561145  -2.964434E-12
4553.34290064277  -2.803014E-12
4554.2671156741  -3.184122E-12
4555.19133070543  -3.746051E-12
4556.11554573675  -3.604037E-12
4557.03976076808  -3.346788E-12
4557.9639757994  -3.290516E-12
4558.88819083073  -3.037629E-12
4559.81240586205  -2.602924E-12
4560.73662089338  -2.336530E-12
4561.66083592471  -2.510033E-12
4562.58505095603  -2.803775E-12
4563.50926598736  -3.448766E-12
4564.43348101868  -3.841780E-12
4565.35769605001  -3.391131E-12
4566.28191108133  -3.354008E-12
4567.20612611266  -3.756949E-12
4568.13034114399  -3.780169E-12
4569.05455617531  -3.809735E-12
4569.97877120664  -3.708831E-12
4570.90298623796  -3.619137E-12
4571.82720126929  -3.607937E-12
4572.75141630061  -3.181215E-12
4573.67563133194  -3.399805E-12
4574.59984636327  -4.007573E-12
4575.52406139459  -4.064702E-12
4576.44827642592  -3.734559E-12
4577.37249145724  -3.732943E-12
4578.29670648857  -3.585887E-12
4579.2209215199  -3.526049E-12
4580.14513655122  -3.553604E-12
4581.06935158255  -3.407036E-12
4581.99356661387  -3.293978E-12
4582.9177816452  -3.688014E-12
4583.84199667652  -3.852133E-12
4584.76621170785  -3.678902E-12
4585.69042673918  -3.461954E-12
4586.6146417705  -3.463103E-12
4587.53885680183  -3.549379E-12
4588.46307183315  -3.632199E-12
4589.38728686448  -3.515431E-12
4590.31150189581  -3.461518E-12
4591.23571692713  -3.377528E-12
4592.15993195846  -3.383731E-12
4593.08414698978  -3.601962E-12
4594.00836202111  -3.414114E-12
4594.93257705243  -3.287520E-12
4595.85679208376  -3.201862E-12
4596.78100711508  -3.487995E-12
4597.70522214641  -3.646469E-12
4598.62943717774  -3.458851E-12
4599.55365220906  -3.171905E-12
4600.47786724039  -3.091532E-12
4601.40208227171  -3.292069E-12
4602.32629730304  -3.499824E-12
4603.25051233436  -3.101488E-12
4604.17472736569  -2.880009E-12
4605.09894239702  -3.304037E-12
4606.02315742834  -3.069853E-12
4606.94737245967  -3.243676E-12
4607.87158749099  -3.363051E-12
4608.79580252232  -2.983632E-12
4609.72001755365  -2.810809E-12
4610.64423258497  -2.992739E-12
4611.5684476163  -3.151698E-12
4612.49266264762  -3.080101E-12
4613.41687767895  -3.135410E-12
4614.34109271027  -3.290328E-12
4615.2653077416  -3.145994E-12
4616.18952277293  -3.300568E-12
4617.11373780425  -3.155109E-12
4618.03795283558  -2.878147E-12
4618.9621678669  -3.025041E-12
4619.88638289823  -2.986548E-12
4620.81059792955  -2.999899E-12
4621.73481296088  -3.211597E-12
4622.6590279922  -3.133030E-12
4623.58324302353  -3.101928E-12
4624.50745805486  -3.384276E-12
4625.43167308618  -3.362013E-12
4626.35588811751  -3.323158E-12
4627.28010314883  -3.238032E-12
4628.20431818016  -3.379410E-12
4629.12853321149  -3.243046E-12
4630.05274824281  -3.001726E-12
4630.97696327414  -3.386255E-12
4631.90117830546  -3.236456E-12
4632.82539333679  -2.765547E-12
4633.74960836812  -2.970630E-12
4634.67382339944  -2.924122E-12
4635.59803843077  -3.216266E-12
4636.52225346209  -3.562844E-12
4637.44646849342  -3.421373E-12
4638.37068352474  -3.188654E-12
4639.29489855607  -3.230709E-12
4640.21911358739  -3.517681E-12
4641.14332861872  -3.620052E-12
4642.06754365005  -3.662682E-12
4642.99175868137  -3.187129E-12
4643.9159737127  -2.527765E-12
4644.84018874402  -2.500563E-12
4645.76440377535  -2.716001E-12
4646.68861880667  -3.132954E-12
4647.612833838  -3.400746E-12
4648.53704886933  -4.023581E-12
4649.46126390065  -2.920502E-12
4650.38547893198  -1.613817E-12
4651.3096939633  -1.746683E-12
4652.23390899463  -2.948000E-12
4653.15812402596  -3.653998E-12
4654.08233905728  -3.672579E-12
4655.00655408861  -3.218366E-12
4655.93076911993  -3.178224E-12
4656.85498415126  -2.892038E-12
4657.77919918258  -3.006168E-12
4658.70341421391  -3.367963E-12
4659.62762924523  -3.397697E-12
4660.55184427656  -3.278655E-12
4661.47605930789  -3.301312E-12
4662.40027433921  -3.316071E-12
4663.32448937054  -3.673110E-12
4664.24870440186  -3.447171E-12
4665.17291943319  -3.186535E-12
4666.09713446452  -3.296435E-12
4667.02134949584  -3.432173E-12
4667.94556452717  -3.131575E-12
4668.86977955849  -3.471719E-12
4669.79399458982  -3.863122E-12
4670.71820962114  -3.649449E-12
4671.64242465247  -3.273208E-12
4672.5666396838  -3.317207E-12
4673.49085471512  -3.425964E-12
4674.41506974645  -3.507122E-12
4675.33928477777  -3.579945E-12
4676.2634998091  -3.559349E-12
4677.18771484042  -3.523596E-12
4678.11192987175  -3.478695E-12
4679.03614490308  -3.302126E-12
4679.9603599344  -3.047345E-12
4680.88457496573  -2.970510E-12
4681.80878999705  -2.921346E-12
4682.73300502838  -2.799428E-12
4683.65722005971  -3.023235E-12
4684.58143509103  -3.218430E-12
4685.50565012236  -2.911309E-12
4686.42986515368  -3.003346E-12
4687.35408018501  -3.009954E-12
4688.27829521633  9.495437E-12
4689.20251024766  4.144383E-11
4690.12672527898  5.933818E-11
4691.05094031031  4.130718E-11
4691.97515534164  8.974286E-12
4692.89937037296  -2.617022E-12
4693.82358540429  -2.698577E-12
4694.74780043561  -3.160847E-12
4695.67201546694  -3.209604E-12
4696.59623049827  -2.890908E-12
4697.52044552959  -2.933723E-12
4698.44466056092  -2.977964E-12
4699.36887559224  -2.874850E-12
4700.29309062357  -3.035447E-12
4701.21730565489  -3.185967E-12
4702.14152068622  -3.075577E-12
4703.06573571755  -3.238614E-12
4703.98995074887  -3.227339E-12
4704.9141657802  -3.057199E-12
4705.83838081152  -3.050033E-12
4706.76259584285  -3.125283E-12
4707.68681087417  -3.010845E-12
4708.6110259055  -2.807329E-12
4709.53524093683  -3.052269E-12
4710.45945596815  -2.417177E-12
4711.38367099948  4.911278E-13
4712.3078860308  3.302741E-12
4713.23210106213  3.179188E-12
4714.15631609345  4.087897E-13
4715.08053112478  -1.925828E-12
4716.00474615611  -2.608401E-12
4716.92896118743  -2.945168E-12
4717.85317621876  -3.033319E-12
4718.77739125008  -2.879641E-12
4719.70160628141  -2.813192E-12
4720.62582131273  -2.950476E-12
4721.55003634406  -3.143606E-12
4722.47425137538  -3.167923E-12
4723.39846640671  -3.160521E-12
4724.32268143804  -2.317885E-12
4725.24689646936  -2.388877E-12
4726.17111150069  -2.771437E-12
4727.09532653201  -2.931500E-12
4728.01954156334  -3.032072E-12
4728.94375659467  -3.040788E-12
4729.86797162599  -2.860470E-12
4730.79218665732  -2.996282E-12
4731.71640168864  -3.219146E-12
4732.64061671997  -3.388797E-12
4733.56483175129  -3.409124E-12
4734.48904678262  -3.040378E-12
4735.41326181395  -2.941404E-12
4736.33747684527  -5.836426E-13
4737.2616918766  3.347222E-12
4738.18590690792  3.982775E-12
4739.11012193925  9.211705E-13
4740.03433697058  -2.191812E-12
4740.9585520019  -2.821535E-12
4741.88276703323  -2.778874E-12
4742.80698206455  -3.098369E-12
4743.73119709588  -3.293873E-12
4744.6554121272  -3.358197E-12
4745.57962715853  -3.475187E-12
4746.50384218986  -3.344099E-12
4747.42805722118  -2.948130E-12
4748.35227225251  -2.914880E-12
4749.27648728383  -3.107283E-12
4750.20070231516  -3.107185E-12
4751.12491734648  -3.166638E-12
4752.04913237781  -3.507674E-12
4752.97334740914  -3.311774E-12
4753.89756244046  -3.217194E-12
4754.82177747179  -3.737820E-12
4755.74599250311  -3.556827E-12
4756.67020753444  -3.007201E-12
4757.59442256576  -3.299172E-12
4758.51863759709  -3.286839E-12
4759.44285262842  -3.386342E-12
4760.36706765974  -3.176394E-12
4761.29128269107  -3.097745E-12
4762.21549772239  -3.314820E-12
4763.13971275372  -3.024286E-12
4764.06392778504  -3.407423E-12
4764.98814281637  -3.840484E-12
4765.9123578477  -3.337429E-12
4766.83657287902  -3.243821E-12
4767.76078791035  -3.220239E-12
4768.68500294167  -3.300496E-12
4769.609217973  -3.279508E-12
4770.53343300432  -3.062946E-12
4771.45764803565  -2.949316E-12
4772.38186306698  -3.021656E-12
4773.3060780983  -3.176323E-12
4774.23029312963  -3.172719E-12
4775.15450816095  -3.198558E-12
4776.07872319228  -3.174231E-12
4777.00293822361  -3.259467E-12
4777.92715325493  -2.947272E-12
4778.85136828626  -3.099242E-12
4779.77558331758  -3.401062E-12
4780.69979834891  -3.452340E-12
4781.62401338023  -3.361610E-12
4782.54822841156  -2.906010E-12
4783.47244344289  -6.184183E-12
4784.39665847421  -4.889654E-12
4785.32087350554  -2.967827E-12
4786.24508853686  -2.791717E-12
4787.16930356819  -2.553365E-12
4788.09351859951  -2.963730E-12
4789.01773363084  -2.994536E-12
4789.94194866216  -2.655347E-12
4790.86616369349  -2.715985E-12
4791.79037872482  -2.983480E-12
4792.71459375614  -2.758424E-12
4793.63880878747  -2.697088E-12
4794.56302381879  -2.987016E-12
4795.48723885012  -2.939982E-12
4796.41145388144  -2.923897E-12
4797.33566891277  -2.775360E-12
4798.2598839441  -2.731760E-12
4799.18409897542  -2.942922E-12
4800.10831400675  -3.071064E-12
4801.03252903807  -2.798441E-12
4801.9567440694  -2.623004E-12
4802.88095910072  -2.820088E-12
4803.80517413205  -2.918195E-12
4804.72938916338  -2.942450E-12
4805.6536041947  -2.987068E-12
4806.57781922603  -3.326890E-12
4807.50203425736  -3.249108E-12
4808.42624928868  -3.096402E-12
4809.35046432001  -2.954241E-12
4810.27467935133  -2.944451E-12
4811.19889438266  -3.147599E-12
4812.12310941398  -3.195487E-12
4813.04732444531  -3.013083E-12
4813.97153947663  -2.930937E-12
4814.89575450796  -2.897235E-12
4815.81996953929  -2.921419E-12
4816.74418457061  -2.966215E-12
4817.66839960194  -3.007280E-12
4818.59261463326  -2.959892E-12
4819.51682966459  -2.995926E-12
4820.44104469591  -2.773363E-12
4821.36525972724  -2.787219E-12
4822.28947475857  -3.193403E-12
4823.21368978989  -3.322474E-12
4824.13790482122  -3.332549E-12
4825.06211985254  -3.413349E-12
4825.98633488387  -3.410005E-12
4826.91054991519  -3.059931E-12
4827.83476494652  -3.232575E-12
4828.75897997785  -3.434403E-12
4829.68319500917  -2.773678E-12
4830.6074100405  -2.969346E-12
4831.53162507182  -3.167893E-12
4832.45584010315  -3.194731E-12
4833.38005513448  -3.504787E-12
4834.3042701658  -3.230085E-12
4835.22848519713  -3.268306E-12
4836.15270022845  -3.302977E-12
4837.07691525978  -3.462979E-12
4838.0011302911  -3.407904E-12
4838.92534532243  -2.965636E-12
4839.84956035375  -3.127706E-12
4840.77377538508  -3.057288E-12
4841.69799041641  -3.125331E-12
4842.62220544773  -3.379895E-12
4843.54642047906  -2.742866E-12
4844.47063551038  -2.080874E-12
4845.39485054171  3.507157E-12
4846.31906557304  3.979833E-11
4847.24328060436  1.005283E-10
4848.16749563569  1.213791E-10
4849.09171066701  8.662212E-11
4850.01592569834  3.000934E-11
4850.94014072966  1.206967E-12
4851.86435576099  -2.084784E-12
4852.78857079232  -2.949060E-12
4853.71278582364  -3.241969E-12
4854.63700085497  -2.877497E-12
4855.56121588629  -3.040291E-12
4856.48543091762  -3.251546E-12
4857.40964594894  -2.745558E-12
4858.33386098027  -2.993242E-12
4859.2580760116  -3.246070E-12
4860.18229104292  -2.818220E-12
4861.10650607425  -2.960960E-12
4862.03072110557  -3.173664E-12
4862.9549361369  -2.883012E-12
4863.87915116822  -3.767241E-12
4864.80336619955  -4.920784E-12
4865.72758123088  -3.921261E-12
4866.6517962622  -3.351309E-12
4867.57601129353  -3.278100E-12
4868.50022632485  -2.861388E-12
4869.42444135618  -3.106987E-12
4870.3486563875  -3.415845E-12
4871.27287141883  -3.089756E-12
4872.19708645016  -2.692824E-12
4873.12130148148  -2.846439E-12
4874.04551651281  -2.887093E-12
4874.96973154413  -2.873752E-12
4875.89394657546  -3.557969E-12
4876.81816160679  -1.109218E-12
4877.74237663811  -1.218078E-11
4878.66659166944  -2.099300E-11
4879.59080670076  -7.500362E-12
4880.51502173209  -1.108330E-12
4881.43923676341  -3.255768E-12
4882.36345179474  -2.826088E-12
4883.28766682607  -2.612785E-12
4884.21188185739  -2.637454E-12
4885.13609688872  -2.897080E-12
4886.06031192004  -3.047157E-12
4886.98452695137  -2.682267E-12
4887.90874198269  -2.420420E-12
4888.83295701402  -2.692523E-12
4889.75717204534  -2.865128E-12
4890.68138707667  -2.928884E-12
4891.605602108  -2.991380E-12
4892.52981713932  -2.899645E-12
4893.45403217065  -2.758212E-12
4894.37824720197  -2.608255E-12
4895.3024622333  -2.605053E-12
4896.22667726463  -2.696354E-12
4897.15089229595  -2.512810E-12
4898.07510732728  -2.391980E-12
4898.9993223586  -2.499922E-12
4899.92353738993  -2.729030E-12
4900.84775242125  -2.738909E-12
4901.77196745258  -2.403301E-12
4902.69618248391  -2.478342E-12
4903.62039751523  -2.773907E-12
4904.54461254656  -2.736119E-12
4905.46882757788  -2.451466E-12
4906.39304260921  -2.268514E-12
4907.31725764053  -2.066738E-12
4908.24147267186  -2.087403E-12
4909.16568770319  -2.522359E-12
4910.08990273451  -2.748944E-12
4911.01411776584  -2.927776E-12
4911.93833279716  -2.810919E-12
4912.86254782849  -3.137876E-12
4913.78676285981  -3.191411E-12
4914.71097789114  -2.709500E-12
4915.63519292247  -2.895084E-12
4916.55940795379  -3.298869E-12
4917.48362298512  -3.249811E-12
4918.40783801644  -2.937664E-12
4919.33205304777  -2.323717E-12
4920.25626807909  -2.352838E-12
4921.18048311042  -2.675613E-12
4922.10469814175  -2.895434E-12
4923.02891317307  -3.025105E-12
4923.9531282044  -2.976337E-12
4924.87734323572  -3.080849E-12
4925.80155826705  -2.844655E-12
4926.72577329837  -2.775475E-12
4927.6499883297  -3.375502E-12
4928.57420336103  -3.173494E-12
4929.49841839235  -3.051396E-12
4930.42263342368  -3.381806E-12
4931.346848455  -2.630587E-12
4932.27106348633  -7.967679E-12
4933.19527851765  -1.161046E-11
4934.11949354898  -5.348442E-12
4935.04370858031  -2.063490E-12
4935.96792361163  -2.900704E-12
4936.89213864296  -2.547318E-12
4937.81635367428  -2.562925E-12
4938.74056870561  -3.016711E-12
4939.66478373694  -3.262554E-12
4940.58899876826  -2.997947E-12
4941.51321379959  -2.491789E-12
4942.43742883091  -4.001981E-12
4943.36164386224  9.018513E-12
4944.28585889356  1.174124E-10
4945.21007392489  3.311565E-10
4946.13428895622  4.613380E-10
4947.05850398754  4.250808E-10
4947.98271901887  2.431682E-10
4948.90693405019  7.723038E-11
4949.83114908152  1.207701E-11
4950.75536411284  1.089562E-12
4951.67957914417  -9.351443E-13
4952.6037941755  -2.169302E-12
4953.52800920682  -2.901422E-12
4954.45222423815  -2.794883E-12
4955.37643926947  -1.935634E-12
4956.3006543008  -1.639330E-12
4957.22486933212  -2.495746E-12
4958.14908436345  -3.603494E-12
4959.07329939478  -3.329594E-12
4959.9975144261  -2.804592E-12
4960.92172945743  -3.552036E-12
4961.84594448875  -4.527528E-12
4962.77015952008  -4.352385E-12
4963.6943745514  -3.345973E-12
4964.61858958273  -3.765107E-12
4965.54280461405  -3.872812E-12
4966.46701964538  -3.108116E-12
4967.39123467671  -1.102601E-12
4968.31544970803  -2.597671E-12
4969.23966473936  -5.336152E-12
4970.16387977068  -4.965249E-12
4971.08809480201  -3.009601E-12
4972.01230983334  -2.536593E-12
4972.93652486466  -3.804836E-12
4973.86073989599  -4.627552E-12
4974.78495492731  -3.571516E-12
4975.70916995864  -2.623228E-12
4976.63338498996  -3.471287E-12
4977.55760002129  -4.254997E-12
4978.48181505262  -3.511122E-12
4979.40603008394  -2.743192E-12
4980.33024511527  -3.306463E-12
4981.25446014659  -4.123566E-12
4982.17867517792  -3.585117E-12
4983.10289020924  -2.641447E-12
4984.02710524057  -1.437282E-12
4984.9513202719  -1.766924E-12
4985.87553530322  -2.469113E-12
4986.79975033455  -4.213828E-12
4987.72396536587  -6.673094E-12
4988.6481803972  -5.442102E-12
4989.57239542853  -2.359390E-12
4990.49661045985  -1.759986E-12
4991.42082549118  -1.854628E-12
4992.3450405225  -1.687258E-12
4993.26925555383  -1.458479E-12
4994.19347058515  -2.226091E-13
4995.11768561648  -2.399377E-12
4996.04190064781  -4.980987E-13
4996.96611567913  1.024465E-10
4997.89033071046  5.527179E-10
4998.81454574178  1.142932E-9
4999.73876077311  1.440129E-9
5000.66297580444  1.276233E-9
5001.58719083576  7.733053E-10
5002.51140586709  2.842393E-10
5003.43562089841  7.156269E-11
5004.35983592974  1.794037E-11
5005.28405096106  4.966388E-12
5006.20826599239  1.674038E-12
5007.13248102372  1.989622E-13
5008.05669605504  -1.482248E-12
5008.98091108637  -1.731894E-12
5009.90512611769  -1.273339E-12
5010.82934114902  -1.655390E-12
5011.75355618034  -2.092521E-12
5012.67777121167  -3.147566E-12
5013.601986243  -6.324503E-12
5014.52620127432  -7.788402E-12
5015.45041630565  -4.479350E-12
5016.37463133697  -2.864645E-12
