2300
2301
2302
2303
2304
2305
2306
2307
2308
2309
2310
2311
2312
2313
2314
2315
2316
2317
2318
2319
2320
2321
2322
2323
2324
2325
2326
2327
2328
2329
2330
2331
2332
2333
2334
2335
2336
2337
2338
2339
2340
2341
2342
2343
2344
2345
2346
2347
2348
2349
2350
2351
2352
2353
2354
2355
2356
2357
2358
2359
2360
2361
2362
2363
2364
2365
2366
2367
2368
2369
2370
2371
2372
2373
2374
2375
2376
2377
2378
2379
2380
2381
2382
2383
2384
2385
2386
2387
2388
2389
2390
2391
2392
2393
2394
2395
2396
2397
2398
2399
2400
2401
2402
2403
2404
2405
2406
2407
2408
2409
2410
2411
2412
2413
2414
2415
2416
2417
2418
2419
2420
2421
2422
2423
2424
2425
2426
2427
2428
2429
2430
2431
2432
2433
2434
2435
2436
2437
2438
2439
2440
2441
2442
2443
2444
2445
2446
2447
2448
2449
2450
2451
2452
2453
2454
2455
2456
2457
2458
2459
2460
2461
2462
2463
2464
2465
2466
2467
2468
2469
2470
2471
2472
2473
2474
2475
2476
2477
2478
2479
2480
2481
2482
2483
2484
2485
2486
2487
2488
2489
2490
2491
2492
2493
2494
2495
2496
2497
2498
2499
2500
2501
2502
2503
2504
2505
2506
2507
2508
2509
2510
2511
2512
2513
2514
2515
2516
2517
2518
2519
2520
2521
2522
2523
2524
2525
2526
2527
2528
2529
2530
2531
2532
2533
2534
2535
2536
2537
2538
2539
2540
2541
2542
2543
2544
2545
2546
2547
2548
2549
2550
2551
2552
2553
2554
2555
2556
2557
2558
2559
2560
2561
2562
2563
2564
2565
2566
2567
2568
2569
2570
2571
2572
2573
2574
2575
2576
2577
2578
2579
2580
2581
2582
2583
2584
2585
2586
2587
2588
2589
2590
2591
2592
2593
2594
2595
2596
2597
2598
2599
177
556
583
585
632
633
651
769
801
1467
1769
1770
1906
2210
2211
2212
2213
2274
2309
2404
2432
2455
2465
2479
2485
2489
2492
2494
2496
2503
2504
2509
2561
2565
2567
2568
2570
2576
2586
2589
2590
177
556
583
585
633
651
769
801
1451
1467
1769
1770
1906
2210
2211
2212
2351
2408
2421
2476
2479
2510
2516
2533
2537
2539
2540
2541
2552
2562
2567
2568
2574
2582
177
556
583
585
651
769
801
1467
1769
1770
1906
1965
2083
2132
2146
2210
2211
2212
2224
2225
2226
2295
2374
2491
2495
2524
2535
2536
2556
2576
2589
177
556
583
585
651
769
801
1451
1467
1665
1769
1770
2155
2210
2211
2212
2320
2321
2322
2335
2349
2384
2385
2442
2458
2459
2460
2491
2494
2495
2519
2520
2521
2557
2593
2599
177
556
583
585
633
651
769
801
1451
1467
1769
1770
1906
2210
2211
2212
2299
2365
2373
2374
2411
2412
2454
2472
2494
2497
2515
2525
2527
2538
2544
2547
2549
2550
2551
2552
2553
2575
177
556
583
585
632
633
651
769
801
1467
1769
1770
1777
1906
1946
2043
2077
2210
2211
2212
2236
2290
2308
2330
2376
2450
2453
2511
2512
2535
2549
2574
2595
2598
177
556
583
585
651
769
801
1259
1451
1467
1769
1770
1906
1907
2139
2209
2210
2211
2212
2220
2263
2279
2289
2361
2369
2370
2371
2461
2490
2524
2530
2531
2532
2538
2540
2547
2566
2574
2602
177
556
583
585
632
633
651
769
794
801
1260
1261
1467
1769
1770
1906
2060
2061
2098
2210
2211
2212
2213
2214
2249
2288
2408
2444
2462
2463
2464
2465
2466
2467
2472
2488
2489
2490
2502
2533
2541
2542
2588
2590
177
556
583
585
633
651
769
793
801
1451
1467
1754
1757
1769
1770
1906
1924
2038
2060
2210
2211
2212
2261
2319
2355
2394
2402
2413
2451
2458
2483
2484
2505
2559
2586
2590
177
190
194
195
196
197
198
199
200
201
202
203
204
205
206
207
208
209
210
211
294
295
296
297
298
299
383
384
385
386
387
388
389
390
391
556
583
585
632
633
651
656
657
658
659
660
661
662
663
664
769
794
795
796
797
798
799
800
801
802
803
804
805
806
807
808
809
810
811
812
813
814
815
816
817
818
819
820
821
822
823
824
825
826
827
920
1154
1208
1209
1210
1211
1212
1213
1214
1215
1216
1217
1218
1219
1220
1221
1222
1223
1224
1465
1467
1556
1769
1770
1807
1808
1809
1810
1811
1812
1813
1814
1906
1982
2020
2074
2075
2114
2115
2116
2117
2118
2119
2120
2121
2122
2155
2210
2211
2212
2226
2252
2263
2288
2291
2292
2297
2403
2457
2479
2480
2481
2489
2519
2540
2543
2567
177
556
583
585
651
769
801
1452
1453
1454
1455
1456
1457
1458
1459
1460
1461
1462
1463
1467
1769
1770
1774
2180
2210
2211
2212
2226
2320
2399
2405
2406
2481
2534
2564
2590
2593
