#file number,time from start,flux,flux error
27,0.000000,40189,169
28,0.109717,40523,171
29,0.219183,41463,172
30,0.328650,40779,170
31,0.438100,40185,169
32,0.547567,40856,171
33,0.657017,41247,173
34,0.766217,41124,172
35,0.875417,40453,171
36,0.984367,40538,171
37,1.094083,41002,169
38,1.203033,40317,168
39,1.311700,41077,169
40,1.420650,40784,169
42,1.638533,40790,169
43,1.747200,40124,168
44,1.856400,41237,170
45,1.965600,40720,169
46,2.075067,40003,168
47,2.184000,40374,168
48,2.293467,41125,169
49,2.402933,40661,169
50,2.512133,40829,169
51,2.621850,41114,170
52,2.731300,40697,169
53,2.840767,41776,170
54,2.950233,40896,169
55,3.059950,40546,168
56,3.169150,41708,170
57,3.278617,40698,169
58,3.388333,40140,168
59,3.497783,41263,170
60,3.607517,40727,169
61,3.716967,40299,168
62,3.826167,40420,168
100,7.989567,40301,168
101,8.098767,41150,170
102,8.208483,40404,169
103,8.317950,40194,168
104,8.427417,40370,168
105,8.536617,40717,169
106,8.645550,40548,169
107,8.754500,39633,167
108,8.863433,40942,171
109,8.972367,39966,169
110,9.082350,41000,169
111,9.191550,40586,169
112,9.300750,40700,169
113,9.410217,40486,168
114,9.519417,40849,169
115,9.628867,40306,168
116,9.738600,40367,168
117,9.848317,41549,170
118,9.957000,41209,170
119,10.066967,41182,169
120,10.176950,40089,168
121,10.286417,40693,169
122,10.396133,42001,171
123,10.505067,40915,169
124,10.614533,40942,169
125,10.724250,40776,169
126,10.833717,41005,169
127,10.943433,40382,168
128,11.053150,40595,168
129,11.162883,41233,169
130,11.272600,40954,169
131,11.382050,40693,169
132,11.491517,40883,169
133,11.600983,40553,169
134,11.710433,39583,167
135,11.819900,40633,169
136,11.929350,40981,169
137,12.038817,40355,168
138,12.148533,40618,169
139,12.257733,39860,168
140,12.367200,40292,168
141,12.476917,40257,168
142,12.586383,40140,168
143,12.695833,39742,167
144,12.805567,41024,169
145,12.915017,40783,170
146,13.024217,41285,171
147,13.133683,39003,166
148,13.242883,40962,171
149,13.352333,40643,171
150,13.462067,40753,171
151,13.571267,39722,170
152,13.680983,40410,170
153,13.790433,38881,167
154,13.900683,39871,168
155,14.010400,40282,169
156,14.119600,40765,169
157,14.229317,40608,170
158,14.338783,42030,172
159,14.448500,40315,169
160,14.557967,41295,171
161,14.667167,40941,170
162,14.776617,40938,169
163,14.886350,41634,170
164,14.996067,40700,169
165,15.105517,40606,169
166,15.215250,41466,170
167,15.324700,41071,169
168,15.433900,40509,169
169,15.543367,40919,169
170,15.652817,41013,169
171,15.762283,41019,169
172,15.871750,39644,167
173,15.981200,40351,168
174,16.090667,40901,169
175,16.200383,40491,168
176,16.310100,40746,169
177,16.419300,32911,157
178,16.529033,39907,167
179,16.638233,39566,167
180,16.747683,40810,169
181,16.857400,39798,167
182,16.967650,40684,169
183,17.077100,41699,170
190,17.843850,39092,166
194,18.281683,40763,169
195,18.390633,40690,169
196,18.499567,40284,169
197,18.608767,39722,168
198,18.717967,40363,169
199,18.827167,40303,168
200,18.936117,40803,169
201,19.045050,41321,170
202,19.154767,39210,167
203,19.264233,41112,170
204,19.373433,40723,169
205,19.482883,40216,168
206,19.592350,40853,169
207,19.702067,40093,168
208,19.811533,40002,168
209,19.920733,40304,169
210,20.030200,40177,168
211,20.139650,39008,167
212,20.248850,41153,170
213,20.358317,39870,168
214,20.467767,40753,169
215,20.577233,39856,168
216,20.686700,40391,169
217,20.796150,40280,168
218,20.905617,40302,169
219,21.014817,40958,170
220,21.124267,40245,168
221,21.233467,40160,168
222,21.343200,40155,168
223,21.452650,40383,169
224,21.561850,40852,169
225,21.671317,39363,167
226,21.781033,40729,169
227,21.890500,40701,169
228,22.000217,40978,169
229,22.109933,40908,169
230,22.219400,41735,171
231,22.328850,39056,166
232,22.438317,41419,170
233,22.547517,40187,168
234,22.656983,39975,168
235,22.766700,41001,170
236,22.876150,40114,168
237,22.985883,41197,170
238,23.095333,40368,169
239,23.204800,40752,169
240,23.314000,40298,168
241,23.423717,41219,170
242,23.532917,41221,170
243,23.642383,41386,170
244,23.751833,40769,169
245,23.861300,40390,169
246,23.970767,40879,169
247,24.079967,40863,169
248,24.189167,40657,169
249,24.298617,40454,168
250,24.408083,41210,170
251,24.517283,40874,169
252,24.627000,40539,169
253,24.736467,40914,169
254,24.845667,41108,169
255,24.955117,41338,172
256,25.064583,39127,167
257,25.174033,40256,168
258,25.283500,40717,168
259,25.393217,41181,170
260,25.502683,41605,170
261,25.612133,40573,169
262,25.721867,40235,168
263,25.831067,40324,168
264,25.940517,40919,169
265,26.050250,39974,168
266,26.159183,40956,169
267,26.268650,40545,169
268,26.378367,40101,168
269,26.487567,40054,168
270,26.597283,40408,168
271,26.707000,40860,170
272,26.816200,40036,169
273,26.925667,40992,172
274,27.035383,40851,171
275,27.144583,40122,170
276,27.254300,40048,169
277,27.363767,41262,171
278,27.472967,41126,171
279,27.582417,40736,170
280,27.692150,40433,170
281,27.801350,40510,170
282,27.911067,40553,170
283,28.020783,40929,171
284,28.130250,40896,170
285,28.239967,41297,171
286,28.349433,39923,170
287,28.458633,41618,173
288,28.568083,42040,173
289,28.677283,41697,173
290,28.786483,40333,171
291,28.895950,40162,170
292,29.005667,41001,172
293,29.115133,41369,172
294,29.224850,40716,171
295,29.334567,40863,171
296,29.444283,40243,170
297,29.553483,39912,169
298,29.662950,40160,170
299,29.772667,40004,170
300,29.881867,40133,170
301,29.991333,40056,170
302,30.101050,40170,170
303,30.210767,40566,170
304,30.320233,40027,170
305,30.429950,40678,169
306,30.539417,40321,169
307,30.648617,40365,168
308,30.758333,40311,168
309,30.867783,40492,169
310,30.977250,40378,169
311,31.086450,39996,168
312,31.195917,40129,168
313,31.305367,41125,170
314,31.414833,41291,170
315,31.523767,40266,168
316,31.632450,40598,169
317,31.741650,40901,169
318,31.851367,40540,169
319,31.961100,40522,169
320,32.070550,40958,170
321,32.180017,41069,170
322,32.289733,40391,168
323,32.399717,40540,169
324,32.509433,40624,169
325,32.618900,40197,168
326,32.728350,40580,169
327,32.837817,40331,169
328,32.947267,40768,169
329,33.057000,40675,169
330,33.166450,40771,169
331,33.275917,40697,169
332,33.385117,40396,169
333,33.494583,40940,169
334,33.603783,40354,169
335,33.713233,40593,169
336,33.822183,40501,169
337,33.931117,40234,168
338,34.040317,41114,170
339,34.149783,40499,169
340,34.259500,40565,169
341,34.368950,40778,169
342,34.478150,40774,169
343,34.587617,39425,167
344,34.697083,39952,168
345,34.806800,40057,168
346,34.916517,39998,168
347,35.025717,40300,169
348,35.135183,39910,168
349,35.244633,40010,168
350,35.353833,40885,169
351,35.463300,40265,168
352,35.572767,39952,168
353,35.681967,39297,167
354,35.791417,41300,170
355,35.900883,40173,168
356,36.010333,41316,170
357,36.119800,40310,168
358,36.229517,41165,170
359,36.338717,40069,168
360,36.448433,40900,170
361,36.558167,40942,170
362,36.668133,40183,168
363,36.777333,39882,168
364,36.887067,39890,168
365,36.996783,39997,168
366,37.106250,40195,168
367,37.215700,40621,169
368,37.325417,40438,169
369,37.434617,40551,168
370,37.544083,39908,167
371,37.653800,41155,169
372,37.763267,40568,168
373,37.872717,40407,168
374,37.982450,39886,168
375,38.091900,40959,169
376,38.201367,40723,169
377,38.311083,40602,169
378,38.420283,40315,169
379,38.530000,40912,169
380,38.639467,40859,170
381,38.749183,40554,169
382,38.858650,40496,169
383,38.968367,40274,169
384,39.078083,41022,170
385,39.187550,40586,169
386,39.297267,40657,169
387,39.406983,41188,170
388,39.516700,40415,169
389,39.625900,41076,170
390,39.735633,40757,169
391,39.845083,40918,170
392,39.954283,40261,169
393,40.064000,41088,170
394,40.173467,40885,170
395,40.282933,40365,169
396,40.392383,40531,169
397,40.502100,40121,168
398,40.611567,39867,168
399,40.721283,40500,169
400,40.830750,40484,169
401,40.940217,40845,170
402,41.049667,39721,168
403,41.159383,40193,168
404,41.268583,41320,170
405,41.378050,40589,169
406,41.487517,40580,169
407,41.596967,40450,169
408,41.706433,40296,169
409,41.816150,40357,169
410,41.925617,40438,169
411,42.035067,40769,169
412,42.144533,40619,169
413,42.253467,39585,168
414,42.363183,40781,169
415,42.472917,40244,169
416,42.582367,40201,168
417,42.691833,40528,169
418,42.801550,40776,170
419,42.911267,39741,168
420,43.020467,40691,170
421,43.130200,39262,167
422,43.239917,40009,168
423,43.349367,40421,169
424,43.459100,39718,168
425,43.568300,39431,167
426,43.677750,39482,168
427,43.787217,40727,170
428,43.896667,40790,170
429,44.006133,40960,170
430,44.115333,40252,169
431,44.225050,40437,169
432,44.334250,40319,169
433,44.443967,40086,168
434,44.553700,39713,168
435,44.663150,40925,170
436,44.772617,40933,170
437,44.882333,40168,169
438,44.991800,40324,169
439,45.101517,40105,169
440,45.210983,39779,168
441,45.320700,40627,169
442,45.430150,40623,169
443,45.539883,41339,171
444,45.649600,40329,169
445,45.759050,40676,169
446,45.868517,41527,171
447,45.978233,40804,170
448,46.087950,41474,171
449,46.197417,39676,168
450,46.307133,40300,169
451,46.416850,39566,168
452,46.526050,40611,169
453,46.635517,40276,169
454,46.745233,40508,169
455,46.854700,39947,169
456,46.964167,40985,170
457,47.073617,40116,169
458,47.183083,41044,170
459,47.292533,40628,170
460,47.402000,40863,170
461,47.511200,40179,169
462,47.620917,40350,169
463,47.730383,40266,169
464,47.839833,40308,169
465,47.949300,40143,169
466,48.058767,41155,170
467,48.167967,40591,169
468,48.277683,41075,170
469,48.387133,40681,169
470,48.496600,39986,168
471,48.606317,39916,168
472,48.715783,40253,169
473,48.824983,41126,170
474,48.934700,41093,170
475,49.043900,41105,170
476,49.153367,39783,168
477,49.262817,41233,171
478,49.372800,40784,170
479,49.482517,39870,168
480,49.591717,40032,169
481,49.701450,40542,169
482,49.810900,41037,170
483,49.920100,40022,169
484,50.029817,40436,169
485,50.139800,40895,170
486,50.249267,40234,169
487,50.358983,40396,169
488,50.468450,40524,170
489,50.577650,41007,170
490,50.687100,38914,167
491,50.796567,40300,169
492,50.906033,39816,168
493,51.015483,41035,170
494,51.124950,40311,169
495,51.234150,40562,170
496,51.343867,41700,171
497,51.453333,41244,171
498,51.562783,40792,170
499,51.672500,41310,171
500,51.781967,40027,169
501,51.891433,40718,170
502,52.000633,40717,170
503,52.110350,40067,169
504,52.219550,40232,169
505,52.328750,39917,169
506,52.438467,42583,172
507,52.547667,39683,168
508,52.656867,40432,169
509,52.766333,40798,169
510,52.876050,41619,171
511,52.985767,41060,170
512,53.095483,40314,169
513,53.205217,39945,168
514,53.314417,40317,169
515,53.424133,39920,168
516,53.533583,41242,170
517,53.643050,40852,169
518,53.752767,39838,168
519,53.862483,40423,169
520,53.971950,40883,170
521,54.081417,41350,170
522,54.190867,40782,170
523,54.300333,39621,168
524,54.410050,40264,169
525,54.519517,40345,169
526,54.628967,40901,170
527,54.738433,40496,169
528,54.848150,40799,170
529,54.957867,40648,170
530,55.067067,40539,169
531,55.176800,40316,169
532,55.286250,40322,169
533,55.395967,40748,170
534,55.505433,40337,169
535,55.615150,40555,169
536,55.724350,39857,168
537,55.834067,41103,170
538,55.943800,42411,172
539,56.053250,40241,169
540,56.162983,40564,169
541,56.272433,40116,169
542,56.382150,41113,170
543,56.491617,40322,169
544,56.601333,40757,170
545,56.711050,40687,170
546,56.820783,39856,168
547,56.930500,40192,169
548,57.039950,39851,168
549,57.149683,40788,170
550,57.259133,40758,170
551,57.368850,40470,169
552,57.478583,40906,170
553,57.588033,39167,168
554,57.697233,40389,169
555,57.806700,39287,168
556,57.916417,31408,156
557,58.025883,40673,170
558,58.135600,40715,170
559,58.245067,41197,171
560,58.354517,40744,170
561,58.463983,41126,171
562,58.573433,39885,169
563,58.682633,40515,170
564,58.792367,39875,169
565,58.901567,39750,168
566,59.011017,40341,169
567,59.120733,40140,169
568,59.229933,39775,169
569,59.339400,40013,169
570,59.449117,40342,170
571,59.558583,40342,169
572,59.668033,40918,170
573,59.777767,40867,170
574,59.886967,40885,170
575,59.996417,40091,169
576,60.105883,41191,171
577,60.215600,39019,168
578,60.325067,39374,168
579,60.434267,40957,171
580,60.543467,40668,170
581,60.652667,41091,171
582,60.762117,40921,170
583,60.871583,26695,148
584,60.980783,40658,170
585,61.089983,29483,153
586,61.199450,38643,168
587,61.308650,40145,173
588,61.418367,40184,173
589,61.527817,40279,169
590,61.637550,40520,170
591,61.747267,40173,169
592,61.856733,40340,170
593,61.965933,40485,170
594,62.075133,39904,169
595,62.184583,40186,169
596,62.293533,39684,169
597,62.402983,39697,169
598,62.512450,39689,168
599,62.621650,40792,170
600,62.731367,39454,168
601,62.840300,39883,169
602,62.948983,40963,170
603,63.057933,41095,171
604,63.166600,40662,170
605,63.275550,39217,168
606,63.385000,39918,169
607,63.494200,40481,170
608,63.603150,40353,170
609,63.712350,41105,171
610,63.821550,41073,171
611,63.930483,40443,170
612,64.039433,40193,170
613,64.149417,40014,170
614,64.258350,41000,171
615,64.367283,39851,169
616,64.476750,39043,168
617,64.586217,40422,169
618,64.695417,40791,170
619,64.804617,39706,169
620,64.914067,40360,171
621,65.023783,40210,170
622,65.132983,40210,171
623,65.241933,41014,172
624,65.351650,40441,170
625,65.460850,40263,171
626,65.569800,40632,170
627,65.678733,39717,169
628,65.788200,40730,170
629,65.897650,40368,169
630,66.007117,40203,169
631,66.116567,40514,170
632,66.226300,39727,169
633,66.336017,38772,169
634,66.445733,40390,172
635,66.555450,39469,175
636,66.665167,36792,166
637,66.774367,39654,176
638,66.883833,39357,172
639,66.993300,38658,171
640,67.102750,40251,169
641,67.212467,40609,170
642,67.321933,40812,170
643,67.431400,40339,170
644,67.540850,40433,170
645,67.650583,40258,169
646,67.759783,40895,170
647,67.869500,40518,169
648,67.978950,40793,170
649,68.088683,40570,170
650,68.198133,39709,168
651,68.307850,17550,132
652,68.417050,39887,169
653,68.526517,40149,169
654,68.636233,39893,172
655,68.745950,40388,169
656,68.855150,40587,170
657,68.964617,40150,169
658,69.074333,40116,169
659,69.183533,40473,170
660,69.293250,40422,169
661,69.402983,40214,169
662,69.512183,40548,170
663,69.621633,40494,170
664,69.731100,39615,168
665,69.840300,40414,170
666,69.949767,39926,169
667,70.059483,40679,170
668,70.168933,39789,169
669,70.278400,40360,170
670,70.388117,40637,170
671,70.497317,39672,168
672,70.607033,40403,170
673,70.716500,40221,170
674,70.826217,39542,168
675,70.935417,40498,170
676,71.044883,39895,169
677,71.154600,40567,170
678,71.264067,40252,170
679,71.373783,39875,169
680,71.483500,40402,170
681,71.592967,41053,171
682,71.702167,40097,170
683,71.811883,40546,170
684,71.921350,39641,169
685,72.031067,39639,169
686,72.140783,40688,171
687,72.250500,39709,169
688,72.359967,39407,169
689,72.469417,39873,170
690,72.579150,40183,170
691,72.688600,40216,170
692,72.798067,40124,170
693,72.907783,40856,171
694,73.017250,40047,170
695,73.126450,40845,171
696,73.236167,40262,170
697,73.345633,40250,170
698,73.455083,40476,170
699,73.564800,40237,170
700,73.674783,40207,170
701,73.783983,39904,170
702,73.893450,39870,170
703,74.003167,40534,170
704,74.112100,40224,170
705,74.221300,40092,170
706,74.330767,40318,170
707,74.439967,39796,170
708,74.549167,39922,170
709,74.658367,39475,169
710,74.767567,39779,169
711,74.876767,40067,170
712,74.985967,40134,170
713,75.095167,39968,170
714,75.204633,40333,170
715,75.313833,39668,169
716,75.423550,40475,170
717,75.533017,40682,171
718,75.642733,40109,170
719,75.752183,39931,170
720,75.861650,40277,170
721,75.970850,40053,170
722,76.080567,39531,169
723,76.190033,39078,169
724,76.299483,40538,171
725,76.409217,39332,169
726,76.518667,39306,169
727,76.628383,40289,170
728,76.738117,39779,170
729,76.847833,39963,170
730,76.957033,40407,171
731,77.066500,39567,169
732,77.176217,40270,170
733,77.285933,40565,171
734,77.395400,40943,171
735,77.505117,39943,170
736,77.614567,40615,171
737,77.724300,39860,170
738,77.834017,39791,170
739,77.943467,39957,170
740,78.052933,39755,170
741,78.162400,39799,170
742,78.272117,40234,170
743,78.381567,40413,171
744,78.490767,41410,172
745,78.600500,40059,170
746,78.709950,39315,169
747,78.819667,40613,171
748,78.929133,39914,170
749,79.038600,39240,169
750,79.148317,39990,170
751,79.258033,39661,170
752,79.367750,40389,171
753,79.477217,39949,170
754,79.586933,39946,170
755,79.696650,40150,170
756,79.806117,39937,170
757,79.915583,39288,169
758,80.025033,36601,165
759,80.134500,39713,169
760,80.243950,40505,171
761,80.353417,40124,170
762,80.462883,39451,169
763,80.572333,39657,169
764,80.682050,39186,169
765,80.791517,39535,169
766,80.900983,39501,169
767,81.010433,39327,169
768,81.119900,40712,171
769,81.229367,24552,146
770,81.339083,40448,171
771,81.448800,40474,170
772,81.558267,39591,169
773,81.667983,40154,170
774,81.777433,40088,170
775,81.886900,40456,171
776,81.996100,39987,170
777,82.105817,41217,172
778,82.215283,40078,170
779,82.324733,39948,170
780,82.434467,40059,170
781,82.543917,40724,171
782,82.653383,40687,171
783,82.763100,38713,168
784,82.872567,41158,172
785,82.982017,40121,170
786,83.091483,40360,171
787,83.200950,40182,171
788,83.310667,39099,169
789,83.420383,40057,170
790,83.530100,39410,170
791,83.639817,39964,170
792,83.749283,38977,169
793,83.859267,38070,169
794,83.968983,38717,169
795,84.078183,39973,171
796,84.187383,39119,169
797,84.296850,39138,169
798,84.406300,39533,170
799,84.516017,40121,171
800,84.625483,40170,171
801,84.734950,23263,144
802,84.844400,40315,171
803,84.953867,39731,170
804,85.063067,40313,171
805,85.172783,40682,171
806,85.282250,40419,171
807,85.391450,40422,171
808,85.501167,40701,171
809,85.610883,39774,170
810,85.720083,40923,172
811,85.829800,40820,172
812,85.939533,40549,171
813,86.048983,39780,170
814,86.158450,40655,172
815,86.267900,40126,171
816,86.377367,39669,170
817,86.486833,39677,170
818,86.596550,39808,170
819,86.706017,39830,170
820,86.815467,39526,170
821,86.924933,40424,171
822,87.034383,39348,169
823,87.143583,39149,169
824,87.253317,40084,171
825,87.362250,39629,170
826,87.471717,40342,171
827,87.581167,40225,171
828,87.690367,39826,170
829,87.799833,39263,169
830,87.908767,39525,170
831,88.017717,39980,170
832,88.127433,39891,171
833,88.236883,39168,169
834,88.346350,40242,171
835,88.456600,39794,170
836,88.566567,39783,171
837,88.676300,39287,170
838,88.785500,40062,171
839,88.895217,39484,170
840,89.004667,40793,172
841,89.114133,40171,171
842,89.223850,39629,170
843,89.333567,40005,171
844,89.443300,38851,169
845,89.552750,41042,171
846,89.662467,39604,169
847,89.771933,40194,170
848,89.881400,39179,168
849,89.991117,39778,170
850,90.100050,40487,171
851,90.209767,39091,168
852,90.319233,40355,170
853,90.428700,40113,170
854,90.538417,40243,170
855,90.647883,39842,170
856,90.757333,39537,169
857,90.867050,39993,170
858,90.976517,39819,169
859,91.085717,39068,169
860,91.195433,40118,170
861,91.305150,40395,171
862,91.414883,40336,170
863,91.524083,40379,170
864,91.633800,40137,170
865,91.743517,39497,169
866,91.852983,39964,170
867,91.962433,39850,170
868,92.071900,40163,170
869,92.181367,39928,170
870,92.291083,38846,168
871,92.400800,39362,169
872,92.510517,40194,170
873,92.619983,39563,169
874,92.729700,40266,170
875,92.839417,40019,170
876,92.948883,40236,170
877,93.057817,39500,170
878,93.167283,39925,170
879,93.276733,39442,169
880,93.386200,39995,170
881,93.495917,40913,171
882,93.605383,40742,171
883,93.714833,40104,170
884,93.824567,40274,170
885,93.933767,40056,170
886,94.044000,40134,170
887,94.153467,40090,170
888,94.263183,39552,169
889,94.372900,39784,170
890,94.482100,40543,171
891,94.591817,38945,168
892,94.701283,40449,171
893,94.810750,39424,169
894,94.920467,40599,171
895,95.029917,39657,169
896,95.139117,39688,170
897,95.248850,39979,170
898,95.358050,40166,170
899,95.467250,39810,170
900,95.576967,39787,170
901,95.686417,39543,169
902,95.795883,39415,169
903,95.905350,39517,170
904,96.014550,40116,170
905,96.124533,39538,170
906,96.234250,38848,168
907,96.343967,39669,169
908,96.453950,40295,170
909,96.563400,39663,169
910,96.672867,39481,169
911,96.782333,40082,170
912,96.891783,40325,170
913,97.001500,40469,171
914,97.110700,39734,170
915,97.220167,39541,169
916,97.329633,41167,172
917,97.439083,39709,169
918,97.548800,40536,170
919,97.658533,39446,169
920,97.768250,39180,169
921,97.877717,40005,170
922,97.987433,39326,169
923,98.097150,40064,170
924,98.206617,39961,170
925,98.316333,39203,169
926,98.426050,39954,170
927,98.535767,39643,169
928,98.645233,39744,169
929,98.754950,40434,170
930,98.864667,40718,171
931,98.974133,40471,171
932,99.083850,40383,171
933,99.193567,39901,170
934,99.303283,41034,172
935,99.412483,39739,170
936,99.522217,40060,170
937,99.631667,39530,169
938,99.741133,41265,172
939,99.850600,40124,170
940,99.960317,40638,171
941,100.069767,39091,169
942,100.179500,39660,170
943,100.288950,40461,171
944,100.398150,39706,170
945,100.507867,40198,170
946,100.617600,40425,171
947,100.727050,39019,168
948,100.836517,40465,171
949,100.945967,39626,169
950,101.055700,39771,169
951,101.165150,39839,169
952,101.274867,39928,170
953,101.384600,40359,170
954,101.494317,40374,170
955,101.603783,39780,170
956,101.713233,40235,170
957,101.822433,40148,170
958,101.931633,40000,170
959,102.041350,39876,170
960,102.150817,40214,170
961,102.260533,39725,170
962,102.370000,40117,170
963,102.479450,39960,170
964,102.588917,40033,170
965,102.698633,39644,170
966,102.808350,39985,170
967,102.917550,39766,170
968,103.027283,40030,170
969,103.136733,39252,169
970,103.245933,40104,170
971,103.355650,39998,170
972,103.465900,39698,170
1000,106.533900,40331,170
1001,106.643367,40527,171
1002,106.752817,40221,170
1003,106.862550,39420,169
1004,106.972267,39177,169
1005,107.081983,38577,168
1006,107.191450,39792,170
1007,107.300650,39928,170
1008,107.410100,38994,169
1009,107.519300,39847,171
1010,107.628767,39793,170
1011,107.738483,40183,171
1012,107.847683,39900,170
1013,107.957400,40269,170
1014,108.067650,40183,170
1015,108.177367,39773,169
1016,108.286833,40398,171
1017,108.396550,39718,170
1018,108.506000,40213,170
1019,108.615467,40011,170
1020,108.724667,40118,170
1021,108.834133,39637,169
1022,108.943583,40072,170
1023,109.053050,40278,170
1024,109.161983,40041,170
1025,109.271450,40166,170
1026,109.380650,39482,169
1027,109.545750,39345,169
1028,109.654683,40054,170
1029,109.764150,40534,171
1030,109.873350,40414,175
1031,109.982283,39717,176
1032,110.091750,39867,176
1033,110.200950,39228,177
1034,110.310667,39753,178
1035,110.420133,39718,176
1036,110.529583,40465,171
1037,110.639317,40006,170
1038,110.749033,39377,169
1039,110.858483,39885,170
1040,110.967950,39734,170
1041,111.077667,39716,170
1042,111.186867,39991,170
1043,111.296600,39494,169
1044,111.406050,38754,168
1045,111.515250,39995,170
1046,111.624717,39537,169
1047,111.734167,40228,170
1048,111.843633,39898,170
1049,111.953350,39732,170
1050,112.063067,40312,171
1051,112.172800,40229,170
1052,112.282250,39638,170
1053,112.391450,40194,170
1054,112.501167,40382,171
1055,112.610367,39854,170
1056,112.719833,39915,170
1057,112.829550,39795,170
1058,112.939017,40290,171
1059,113.048483,39796,170
1060,113.158200,39943,170
1061,113.267917,40399,171
1062,113.377633,39387,169
1063,113.486833,40229,171
1064,113.596550,40016,170
1065,113.706017,39927,170
1066,113.815483,39416,169
1067,113.924683,39705,170
1068,114.034133,40007,170
1069,114.143850,40465,171
1070,114.253317,40293,171
1071,114.363033,39841,170
1072,114.472500,39525,170
1073,114.582217,40062,170
1074,114.691683,39906,170
1075,114.801133,39867,170
1076,114.910600,40492,171
1077,115.019800,39615,169
1078,115.129267,40454,171
1079,115.238983,39403,169
1080,115.348433,38780,168
1081,115.458167,40022,170
1082,115.567883,40121,170
1083,115.677333,39738,170
1084,115.787067,39771,170
1085,115.896517,40059,170
1086,116.006500,39600,170
1087,116.115967,38868,169
1088,116.225683,40165,170
1089,116.335133,39419,169
1090,116.444333,39634,170
1091,116.553533,38937,169
1092,116.663267,39901,170
1093,116.772717,39371,169
1094,116.881917,40212,171
1095,116.991650,39833,170
1096,117.100850,39500,169
1097,117.210567,40072,170
1098,117.320017,39785,170
1099,117.429483,39954,170
1100,117.538683,40189,171
1101,117.648150,39926,170
1102,117.757600,39827,170
1103,117.866800,40135,170
1104,117.976000,39519,170
1105,118.085200,39927,170
1106,118.194667,40166,170
1107,118.303600,40103,170
1108,118.413067,39703,170
1109,118.522000,40316,171
1110,118.631200,39505,170
1111,118.740667,39146,169
1112,118.849867,39950,170
1113,118.959333,40138,170
1114,119.068267,39493,169
1115,119.177200,39726,170
1116,119.286150,39522,170
1117,119.395350,40182,170
1118,119.504800,39902,170
1119,119.614000,39460,170
1120,119.723733,39419,170
1121,119.833450,39894,170
1122,119.942900,39547,170
1123,120.052633,39281,169
1124,120.162083,39866,170
1125,120.271800,39613,170
1126,120.381267,39678,170
1127,120.490983,40429,171
1128,120.600450,39994,170
1129,120.709917,39680,170
1130,120.819367,39646,170
1131,120.928833,40519,171
1132,121.038033,39296,169
1133,121.147483,40138,171
1134,121.256950,39845,170
1135,121.366417,39838,170
1136,121.475867,39973,170
1137,121.585333,39317,170
1138,121.694533,39426,170
1139,121.803467,40099,170
1140,121.912933,39776,170
1141,122.022383,39971,170
1142,122.132117,40005,170
1143,122.241833,40033,170
1144,122.351033,38967,170
1145,122.460483,40181,175
1146,122.570217,40451,171
1147,122.679417,40667,172
1148,122.788867,39815,171
1149,122.898600,39354,170
1150,123.008050,39569,170
1151,123.117767,39805,170
1152,123.227500,40448,171
1153,123.336700,40157,171
1154,123.445900,39527,170
1155,123.555617,39316,169
1156,123.664817,39359,170
1157,123.774267,39571,170
1158,123.884000,39697,170
1159,123.993450,40133,171
1160,124.103167,40159,171
1161,124.212633,39946,170
1162,124.321833,38783,169
1163,124.431300,39500,170
1164,124.541017,39731,170
1165,124.650733,39883,170
1166,124.759933,40247,171
1167,124.869650,40569,171
1168,124.979383,40338,171
1169,125.088833,38907,169
1170,125.198550,39494,170
1171,125.307750,39589,170
1172,125.417217,39392,170
1173,125.526933,38948,169
1174,125.636650,39421,170
1175,125.746633,39653,170
1176,125.856350,39839,170
1177,125.965817,40050,171
1178,126.075283,40015,170
1179,126.184733,39752,170
1180,126.294467,38897,169
1181,126.404183,40195,171
1182,126.513383,38915,169
1183,126.622833,39619,170
1184,126.732567,39982,171
1185,126.841500,39494,170
1186,126.951217,40285,171
1187,127.060683,39471,170
1188,127.170133,38992,169
1189,127.279600,40106,171
1190,127.389317,39916,170
1191,127.498783,39966,170
1192,127.608233,39655,170
1193,127.717700,40522,171
1194,127.827167,39480,170
1195,127.936617,40086,171
1196,128.045817,39764,170
1197,128.155533,39296,169
1198,128.265000,39354,170
1199,128.374717,39557,170
1200,128.484700,38771,169
1201,128.593900,39556,170
1202,128.703367,39460,170
1203,128.813083,39339,170
1204,128.922800,39459,170
1205,129.032267,39032,169
1206,129.141717,39833,170
1207,129.251183,39517,170
1208,129.360900,40239,171
1209,129.470367,39343,170
1210,129.579567,39345,170
1211,129.689017,39599,170
1212,129.798217,38655,169
1213,129.907683,40144,171
1214,130.016617,39285,170
1215,130.126350,39322,170
1216,130.235800,39637,170
1217,130.345267,39266,170
1218,130.454733,40010,171
1219,130.563933,40057,171
1220,130.673133,39666,170
1221,130.782333,39329,170
1222,130.892050,39718,170
1223,131.001500,39275,170
1224,131.111483,39766,170
1225,131.220950,39265,170
1226,131.330400,40121,171
1227,131.439867,39764,170
1228,131.549067,39596,170
1229,131.658533,39293,170
1230,131.767983,39660,170
1231,131.877183,39953,171
1232,131.986917,40145,171
1233,132.096633,38896,169
1234,132.207133,39306,170
1235,132.316583,39657,170
1236,132.426317,39625,170
1237,132.535767,39904,171
1238,132.645233,40079,171
1239,132.754950,39428,170
1240,132.864667,39361,170
1241,132.974133,39674,170
1242,133.083850,39654,170
1243,133.193567,38812,169
1244,133.303283,39738,170
1245,133.412750,39034,169
1246,133.522217,39640,170
1247,133.631933,39483,170
1248,133.741383,38523,169
1249,133.851117,40597,172
1250,133.960833,39540,170
1251,134.070550,39484,170
1252,134.180267,39482,170
1253,134.289733,39379,170
1254,134.399200,39890,171
1255,134.508400,39888,171
1256,134.617850,39085,170
1257,134.727567,39329,170
1258,134.837033,39314,170
1259,134.946750,33358,161
1260,135.056217,39940,171
1261,135.165667,39063,169
1262,135.275133,38809,169
1263,135.384850,38953,169
1264,135.493800,39649,171
1265,135.603000,40004,171
1266,135.712717,39315,170
1267,135.822183,40449,172
1268,135.931900,38601,169
1269,136.041350,39827,171
1270,136.150817,39282,170
1271,136.260283,39457,170
1272,136.370000,39183,170
1273,136.479717,38892,169
1274,136.589433,39638,171
1275,136.698900,40137,171
1276,136.808350,39569,170
1277,136.917817,39580,170
1278,137.027283,39524,170
1279,137.137000,40003,171
1280,137.246200,39889,171
1281,137.355650,39244,170
1282,137.465383,40666,172
1283,137.574833,39839,171
1284,137.685083,39435,170
1285,137.794533,39138,170
1286,137.904267,39650,170
1287,138.013717,38798,169
1288,138.123433,38851,169
1289,138.232900,37884,168
1290,138.342100,39431,170
1291,138.451567,39411,170
1292,138.561533,39152,170
1293,138.671000,39325,170
1294,138.780467,39129,170
1295,138.889917,39830,171
1296,138.999383,40002,171
1297,139.108833,39909,171
1298,139.218567,39706,171
1299,139.328283,39500,170
1300,139.437733,40013,171
1301,139.547467,38810,169
1302,139.656917,39586,171
1303,139.766117,38755,169
1304,139.875583,39355,170
1305,139.985300,39365,170
1306,140.095017,39319,170
1307,140.204217,39745,171
1308,140.313950,39328,170
1309,140.423667,40323,172
1310,140.533383,39960,171
1311,140.642850,39764,171
1312,140.752567,39180,170
1313,140.862017,39224,170
1314,140.971483,39929,171
1315,141.081200,40500,172
1316,141.190667,38897,170
1317,141.300383,39088,170
1318,141.410100,40259,171
1319,141.519300,39997,171
1320,141.628767,39327,170
1321,141.738233,40170,171
1322,141.847683,40855,173
1323,141.956883,39702,171
1324,142.066350,39472,170
1325,142.175550,39412,170
1326,142.285000,40126,171
1327,142.394733,38654,169
1328,142.504450,39963,171
1329,142.613900,40319,172
1330,142.723367,39857,171
1331,142.832567,39688,171
1332,142.942033,38770,169
1333,143.051750,40063,171
1334,143.161200,39458,170
1335,143.270933,39697,171
1336,143.380383,39391,170
1337,143.489583,39131,170
1338,143.599050,39381,170
1339,143.708517,40397,172
1340,143.817967,40657,172
1341,143.927433,40335,172
1342,144.037150,39750,171
1343,144.146350,40603,172
1344,144.255817,39269,170
1345,144.365533,40004,171
1346,144.474467,39429,170
1347,144.584183,39450,170
1348,144.693917,39611,171
1349,144.803633,38935,170
1350,144.913083,39700,171
1351,145.022817,39881,171
1352,145.132533,39584,171
1353,145.241983,39106,170
1354,145.352233,39363,170
1355,145.461950,39665,171
1356,145.571667,40108,171
1357,145.680867,39592,171
1358,145.790333,40305,172
1359,145.900050,39530,171
1360,146.009517,38559,169
1361,146.118967,39147,170
1362,146.228700,39256,170
1363,146.338150,38940,170
1364,146.447617,39409,171
1365,146.557600,39178,170
1366,146.667317,38853,170
1367,146.776517,39394,170
1368,146.886233,38888,170
1369,146.995950,39702,171
1370,147.105417,39105,170
1371,147.214883,39621,171
1372,147.324333,39499,171
1373,147.433800,38640,169
1374,147.543517,39280,171
1375,147.652983,39027,170
1376,147.762433,39162,170
1377,147.872150,38153,169
1378,147.981883,39206,170
1379,148.091333,38271,169
1380,148.201050,39108,170
1381,148.310517,39348,171
1382,148.420233,39479,171
1384,148.638900,40241,172
1385,148.748350,39369,171
1386,148.857817,39236,170
1387,148.967283,39184,170
1388,149.076733,39201,171
1389,149.186200,39921,171
1390,149.295400,40276,172
1391,149.405117,39800,171
1392,149.514317,39903,171
1393,149.623517,39359,171
1394,149.733233,39144,170
1395,149.842700,38883,170
1396,149.952417,39895,171
1397,150.061883,39650,171
1398,150.171083,38526,170
1399,150.280800,39221,171
1400,150.390517,39223,171
1401,150.500233,39119,170
1402,150.609700,38724,170
1403,150.719167,39175,170
1404,150.828617,38895,170
1405,150.938333,38645,170
1406,151.048067,39186,171
1407,151.157783,39118,170
1408,151.267250,39259,170
1409,151.376700,39020,170
1410,151.486417,39191,170
1411,151.595883,38905,170
1412,151.705350,38836,170
1413,151.815067,38641,170
1415,152.033983,38792,170
1416,152.143700,39229,171
1417,152.253417,38259,169
1418,152.362883,39731,171
1419,152.472350,39054,171
1420,152.582067,38986,170
1421,152.691517,38788,170
1422,152.801250,39119,171
1423,152.910967,38352,169
1424,153.020433,39109,171
1425,153.129633,39222,171
1426,153.239350,39459,171
1427,153.348550,38687,170
1428,153.458267,38977,171
1429,153.567733,39537,171
1430,153.676933,39229,171
1431,153.786383,39457,171
1432,153.895850,39439,171
1433,154.005300,39753,171
1434,154.114500,38329,170
1435,154.224233,39326,171
1436,154.333683,38832,170
1437,154.443400,39481,171
1438,154.552867,40680,173
1439,154.662067,38830,170
1440,154.771533,39317,171
1441,154.880983,38369,169
1442,154.990183,38937,170
1443,155.099650,39489,171
1444,155.209367,38892,170
1445,155.318567,39434,171
1446,155.428033,39737,172
1447,155.537750,39276,171
1448,155.647217,40129,172
1449,155.756667,39920,172
1450,155.866383,38417,170
1451,155.976117,33435,162
1452,156.085567,39797,172
1453,156.195033,39606,171
1454,156.304483,39896,172
1455,156.413950,39276,171
1456,156.523667,39266,171
1457,156.633917,39137,171
1458,156.743117,39474,171
1459,156.852567,39319,171
1460,156.962300,39346,171
1461,157.071500,38696,170
1462,157.180950,39540,172
1463,157.290417,38937,171
1464,157.399617,38686,170
1465,157.509333,39684,171
1466,157.619050,38769,170
1467,157.728767,27602,157
1468,157.837967,39578,171
1469,157.947700,39127,171
1470,158.057417,39408,171
1471,158.166867,38507,170
1472,158.276333,38349,170
1473,158.386050,38572,170
1474,158.495250,39733,172
1475,158.604717,38538,170
1476,158.714433,38874,170
1477,158.823900,39387,171
1478,158.933350,39478,174
1479,159.042817,39601,174
1480,159.152283,39215,171
1481,159.261733,39661,171
1482,159.370933,39472,171
1483,159.480400,38627,170
1484,159.590117,39571,171
1485,159.699583,38168,174
1486,159.808783,38854,174
1487,159.918500,39246,171
1488,160.028217,38440,170
1489,160.137933,38351,169
1490,160.247133,38083,169
1491,160.356850,39111,170
1492,160.466317,39193,170
1493,160.575783,39270,170
1494,160.685233,38764,170
1495,160.794967,39071,170
1496,160.904417,38408,169
1497,161.013883,39288,170
1498,161.123333,38354,169
1499,161.232533,39484,171
1500,161.342267,38955,170
1501,161.451983,37847,168
1502,161.561433,39236,171
1503,161.670900,39409,171
1504,161.780617,39168,170
1505,161.890083,39506,171
1506,161.999533,39100,170
1507,162.109000,38022,169
1508,162.218200,39303,171
1509,162.327400,39115,170
1510,162.437117,38637,169
1511,162.546850,39546,171
1512,162.656567,39219,170
1513,162.766283,38871,170
1514,162.875750,39442,171
1515,162.985467,39595,171
1516,163.094917,39032,170
1517,163.204383,39324,171
1518,163.313850,38112,169
1519,163.423300,38464,169
1520,163.532767,39281,171
1521,163.641967,39204,170
1522,163.751167,38334,169
1523,163.860883,37525,168
1524,163.970350,39460,171
1525,164.080067,38331,169
1526,164.189517,39351,171
1527,164.298983,39765,171
1528,164.408450,38682,169
1529,164.518167,39782,171
1530,164.627633,39067,170
1531,164.737350,40116,171
1532,164.846800,38860,170
1533,164.956267,38915,170
1534,165.065733,38068,169
1535,165.175450,38584,170
1536,165.285167,39779,171
1537,165.394633,38753,170
1538,165.504350,38953,170
1539,165.614067,39294,170
1540,165.723267,38674,170
1541,165.832733,39259,170
1542,165.942450,39389,170
1543,166.051650,37922,168
1544,166.161633,39429,171
1545,166.271083,38949,170
1546,166.380283,38375,169
1547,166.490017,38476,169
1548,166.599733,39250,170
1549,166.709450,38570,169
1550,166.818650,38909,170
1551,166.928367,39921,172
1552,167.037833,38882,170
1553,167.147033,37315,168
1554,167.256483,39117,170
1555,167.366217,38329,169
1556,167.475417,38353,169
1557,167.584867,38094,169
1558,167.694583,39508,171
1559,167.804050,39861,171
1560,167.913517,39659,171
1561,168.023233,38762,170
1562,168.132950,39804,171
1563,168.242417,39422,171
1564,168.352133,39971,172
1565,168.462117,39854,171
1566,168.571567,38464,169
1567,168.681033,40042,172
1568,168.790750,38097,172
1569,168.900217,39443,174
1570,169.009933,39174,171
1571,169.119400,38519,169
1572,169.228850,39029,170
1573,169.338567,39767,171
1574,169.448300,38202,169
1575,169.558017,38459,169
1576,169.667467,39061,170
1577,169.777200,38297,169
1578,169.886650,38399,169
1579,169.995850,39214,170
1580,170.105050,37933,169
1581,170.214783,38440,170
1582,170.324233,39145,171
1583,170.433950,37951,169
1584,170.543417,38380,169
1585,170.652883,39583,171
1586,170.762333,39513,171
1587,170.871800,38493,169
1588,170.981517,39295,173
1589,171.091233,38910,171
1590,171.200950,38315,173
1591,171.310683,39855,172
1592,171.420133,38623,173
1593,171.529850,38106,169
1594,171.639317,38716,170
1595,171.748783,38345,170
1596,171.858500,38439,170
1597,171.968217,38490,169
1598,172.077933,38424,170
1599,172.187133,39211,171
1600,172.296867,38828,173
1601,172.406583,38303,169
1602,172.516300,38552,170
1603,172.626017,39414,171
1604,172.735483,38919,170
1605,172.844933,37853,168
1606,172.954400,38397,170
1607,173.063867,38952,170
1608,173.173317,38904,172
1609,173.282517,39096,173
1610,173.392233,37497,169
1611,173.501700,38200,171
1612,173.611167,39097,173
1613,173.720883,37300,170
1614,173.830600,38045,171
1615,173.940067,38450,172
1616,174.049783,39155,173
1617,174.159250,38012,169
1618,174.268967,38573,170
1619,174.378417,38248,169
1620,174.487883,37794,168
1621,174.597350,39275,171
1622,174.707067,38119,169
1623,174.816517,38105,169
1624,174.925717,37762,169
1625,175.035183,38686,170
1626,175.144900,37254,168
1627,175.254367,37932,169
1628,175.363817,38916,170
1629,175.473550,39100,171
1630,175.583267,38874,170
1631,175.692983,37517,168
1632,175.802450,37929,169
1633,175.912167,38495,170
1634,176.021633,37288,168
1635,176.131083,36914,167
1636,176.240283,39872,172
1637,176.349750,37981,169
1638,176.459200,37136,168
1639,176.568667,39734,172
1640,176.678133,36623,167
1641,176.787850,36584,167
1642,176.897300,38250,169
1643,177.006500,36573,167
1644,177.115967,37586,169
1645,177.225950,38222,169
1646,177.335667,37910,169
1647,177.445383,38268,169
1648,177.554850,39459,171
1649,177.664567,39269,171
1650,177.774033,38224,169
1651,177.883233,36716,167
1652,177.992950,38651,170
1653,178.102417,38948,171
1654,178.211867,39020,171
1655,178.321333,38207,169
1656,178.430783,38260,169
1657,178.540250,38524,170
1658,178.649717,37847,169
1659,178.758917,39212,171
1660,178.868633,38711,170
1661,178.978350,37745,169
1662,179.087817,39523,171
1663,179.197533,36877,167
1664,179.306983,37645,169
1665,179.416717,37462,168
1666,179.525917,38932,171
1667,179.635633,37692,169
1668,179.745350,37930,169
1669,179.854817,38348,170
1670,179.964533,38980,171
1671,180.074250,38282,169
1672,180.183717,39348,171
1673,180.292917,38008,169
1674,180.402367,38054,169
1675,180.511833,37987,169
1676,180.621550,38139,169
1677,180.731267,39273,171
1678,180.840467,38354,170
1679,180.949933,38968,171
1680,181.059650,38223,170
1681,181.169367,37242,168
1682,181.278833,37562,169
1683,181.388300,38138,170
1684,181.498017,37215,168
1685,181.607483,39753,172
1686,181.716933,39000,171
1687,181.826400,38202,169
1688,181.935600,36659,167
1689,182.045050,38587,170
1690,182.154783,37942,169
1691,182.263983,39489,171
1692,182.373433,37210,168
1693,182.483150,37494,169
1694,182.592883,37737,169
1695,182.702600,38055,169
1696,182.812050,39795,172
1697,182.921250,39300,171
1698,183.030983,37744,169
1699,183.140433,36432,167
1700,183.249900,37509,169
1701,183.359367,37630,169
1702,183.469083,36806,168
1703,183.578800,37040,168
1704,183.688267,39726,172
1705,183.797983,39357,171
1706,183.907700,39639,172
1707,184.017167,38155,169
1708,184.126883,38170,170
1709,184.236333,38891,171
1710,184.346067,37688,169
1711,184.455517,37894,169
1712,184.565233,37054,168
1713,184.674700,38514,170
1714,184.784417,39091,171
1715,184.893883,38557,170
1716,185.003333,39346,171
1717,185.112800,38891,171
1718,185.222267,36266,167
1719,185.331983,37588,169
1720,185.441450,40233,173
1721,185.550900,37636,169
1722,185.660617,39594,172
1723,185.769567,37955,169
1724,185.878767,38725,170
1725,185.988217,37771,169
1726,186.097683,39732,172
1727,186.207400,39468,171
1728,186.316867,37769,169
1729,186.426317,37749,169
1730,186.535783,38898,171
1731,186.645500,38331,170
1732,186.754967,38977,171
1733,186.864417,38332,170
1734,186.974150,37802,169
1735,187.083867,39073,171
1736,187.193333,38432,170
1737,187.303050,37183,168
1738,187.412500,37544,169
1739,187.522233,38683,171
1740,187.631433,38304,170
1741,187.740883,36552,167
1742,187.850350,38193,170
1743,187.960067,37031,168
1744,188.069783,39632,172
1745,188.178983,37409,169
1746,188.288183,38135,170
1747,188.397900,38307,170
1748,188.506850,37439,169
1749,188.616300,38298,170
1750,188.726033,38413,170
1751,188.835483,37353,169
1752,188.945217,38966,171
1753,189.054933,37374,169
1754,189.164133,37488,169
1755,189.273850,37726,169
1756,189.383567,37490,169
1757,189.493283,38864,171
1758,189.602483,38210,170
1759,189.712467,39105,171
1760,189.822183,38757,171
1761,189.931650,39056,171
1762,190.041117,37234,168
1763,190.150833,38600,173
1764,190.260033,38641,171
1765,190.369483,38654,171
1766,190.478950,36698,168
1767,190.588417,37514,169
1768,190.698133,38546,173
1769,190.807333,27166,159
1770,190.917050,27601,157
1771,191.026250,37805,169
1772,191.135967,37892,169
1773,191.245167,37093,168
1774,191.354900,37010,168
1775,191.464100,36295,167
1776,191.574067,34900,165
1777,191.683800,35841,166
1778,191.793000,36964,168
1779,191.902717,36014,167
1780,192.011917,37540,169
1781,192.121633,36797,168
1782,192.231350,35028,165
1783,192.340817,36126,167
1784,192.450017,36469,167
1785,192.559733,37859,169
1786,192.668933,37907,169
1787,192.778400,37678,169
1788,192.887850,37506,169
1789,192.997317,36681,167
1790,193.106783,37095,168
1791,193.216233,36664,167
1792,193.325700,37417,168
1793,193.435150,39749,172
1794,193.544883,36264,167
1795,193.654333,35662,166
1796,193.763800,37724,169
1797,193.873517,37127,168
1798,193.982983,37188,168
1799,194.092433,34550,164
1800,194.202150,37006,168
1801,194.311883,35842,166
1802,194.421333,37062,168
1803,194.531050,37259,168
1804,194.640517,37398,168
1805,194.749983,38113,169
1806,194.859433,36975,168
1807,194.969167,37917,169
1808,195.078617,37742,169
1809,195.188083,36881,168
1810,195.297800,37821,169
1811,195.407267,38496,170
1812,195.516717,36647,168
1813,195.626433,37422,169
1814,195.736167,38131,170
1815,195.845617,37807,169
1816,195.955083,36130,167
1817,196.064533,36932,168
1818,196.174000,36910,168
1819,196.283467,38526,170
1820,196.393183,37303,168
1821,196.502383,36405,167
1822,196.611850,38275,170
1823,196.721300,38464,170
1824,196.830500,38195,170
1825,196.939967,36541,167
1826,197.049683,37298,168
1827,197.159150,38674,170
1828,197.268867,39469,172
1829,197.378583,37901,169
1830,197.488050,37608,169
1831,197.597500,37534,168
1832,197.707217,37477,168
1833,197.816683,37676,169
1834,197.926150,37767,169
1835,198.035600,38345,170
1836,198.145067,36693,168
1837,198.254517,38654,171
1838,198.363983,36774,168
1839,198.473183,38370,170
1840,198.582650,38015,170
1841,198.692367,38838,171
1842,198.801567,38065,170
1843,198.911033,35652,166
1844,199.020483,37839,169
1845,199.129950,37345,169
1846,199.239667,36571,167
1847,199.349133,37250,168
1848,199.458333,38527,170
1849,199.567783,37965,169
1850,199.677500,36957,168
1851,199.786700,38195,170
1852,199.896433,37356,168
1853,200.005883,37820,169
1854,200.115600,37150,168
1855,200.225067,38297,170
1856,200.334783,35933,166
1857,200.444517,38414,170
1858,200.553717,37536,169
1859,200.663433,36931,168
1860,200.773150,37630,169
1861,200.882617,37680,169
1862,200.992067,36803,168
1863,201.101533,37089,168
1864,201.210983,38852,171
1865,201.320450,38353,170
1866,201.429917,37603,169
1867,201.539367,38266,170
1868,201.648833,38201,170
1869,201.758550,37499,169
1870,201.868267,37452,169
1871,201.977467,39367,172
1872,202.086667,36690,168
1873,202.196133,35914,166
1874,202.305850,38906,171
1875,202.415567,37617,169
1876,202.525300,38400,170
1877,202.634750,38453,170
1878,202.744217,37716,169
1879,202.853933,35953,166
1880,202.963400,35939,166
1881,203.072850,37859,169
1882,203.182567,37772,169
1883,203.292033,37759,169
1884,203.401500,38564,170
1885,203.510950,36581,167
1886,203.620417,36671,167
1887,203.730133,36022,167
1888,203.839850,38245,170
1889,203.949317,39427,172
1890,204.058250,37805,169
1891,204.167983,37750,169
1892,204.276917,36888,170
1893,204.386117,38447,172
1894,204.495833,36069,168
1895,204.605300,37001,168
1896,204.714500,36838,168
1897,204.823950,37340,168
1898,204.933417,38603,170
1899,205.042883,37967,169
1900,205.152333,37997,169
1901,205.261800,36572,168
1902,205.371250,38016,170
1903,205.480450,38184,170
1904,205.589917,37068,168
1905,205.699633,36724,168
1906,205.809350,32869,162
1907,205.918817,40447,173
1908,206.028283,38305,170
1909,206.137733,38961,171
1910,206.247200,37922,170
1911,206.356667,37647,169
1912,206.466383,37697,169
1913,206.576100,38406,171
1914,206.685817,36765,168
1915,206.795533,38607,171
1916,206.905267,37533,169
1917,207.014467,37191,169
1918,207.123917,38053,170
1919,207.233633,38558,171
1920,207.343617,38298,170
1921,207.452817,38494,170
1922,207.562283,38094,170
1923,207.671217,36489,167
1924,207.780683,37448,169
1925,207.890400,37040,168
1926,207.999867,39658,172
1927,208.109317,39004,171
1928,208.219050,35729,166
1929,208.328767,36994,168
1930,208.438217,38238,170
1931,208.547683,37869,169
1932,208.657150,38400,170
1933,208.766600,34801,165
1934,208.876067,37723,169
1935,208.985517,36548,167
1936,209.094717,37509,169
1937,209.204450,36949,168
1938,209.314167,36476,167
1939,209.423883,38057,170
1940,209.533350,38280,170
1941,209.643067,37363,169
1942,209.752517,38309,170
1943,209.861983,37137,168
1944,209.971450,37687,169
1945,210.080900,38170,170
1946,210.190367,38245,170
1947,210.299833,35777,166
1948,210.409033,35615,166
1949,210.518483,35943,167
1950,210.628200,36873,168
1951,210.737400,36719,168
1952,210.847133,37084,168
1953,210.956583,36638,167
1954,211.066567,37234,168
1955,211.176033,38386,170
1956,211.285483,37113,168
1957,211.395200,36183,167
1958,211.504667,38805,171
1959,211.614383,37680,169
1960,211.723850,37694,169
1961,211.833050,35940,167
1962,211.942767,38411,170
1963,212.052483,36703,168
1964,212.161950,36356,167
1965,212.271417,34922,165
1966,212.380867,35810,166
1967,212.490333,38027,170
1968,212.600567,37409,169
1969,212.710283,37235,169
1970,212.820017,36506,168
1971,212.929217,37626,169
1972,213.038933,39285,172
1973,213.148383,36423,167
1974,213.257850,38126,170
1975,213.367317,36918,168
1976,213.476767,37438,169
1977,213.585967,36724,167
1978,213.695433,38271,170
1979,213.805150,36771,168
1980,213.914867,37557,169
1981,214.024600,36808,168
1982,214.134050,37467,169
1983,214.243767,38542,170
1984,214.352967,36943,168
1985,214.462700,37648,169
1986,214.572417,39160,171
1987,214.681867,35855,166
1988,214.791333,36791,168
1989,214.901050,36466,167
1990,215.010767,36151,167
1991,215.119967,37858,169
1992,215.229433,39075,171
1993,215.339150,36691,167
1994,215.448617,36586,167
1995,215.558333,38037,170
1996,215.668050,37187,168
1997,215.777517,38329,170
1998,215.886983,35192,165
1999,215.996700,37620,169
2000,216.105900,36182,167
2001,216.215350,36020,167
2002,216.325083,36725,168
2003,216.434533,38300,170
2004,216.543733,36463,167
2005,216.653450,37566,169
2006,216.762650,37219,169
2007,216.872383,38762,171
2008,216.981833,36270,167
2009,217.091817,35922,167
2010,217.201283,36387,167
2011,217.310733,38098,170
2012,217.420200,37328,168
2013,217.529667,36657,167
2014,217.639117,37044,168
2015,217.748583,37837,169
2016,217.858033,38575,170
2017,217.967233,38107,170
2018,218.076700,36866,168
2019,218.186167,36741,168
2020,218.295617,36766,168
2021,218.405083,37144,168
2022,218.514533,36815,168
2023,218.623733,36920,168
2024,218.732933,36684,168
2025,218.842400,37354,170
2026,218.951600,35741,167
2027,219.243317,36721,168
2028,219.352517,37189,168
2029,219.461717,35735,166
2030,219.570917,37440,169
2031,219.679867,37618,169
2032,219.789067,36724,168
2033,219.898517,37411,169
2034,220.008250,35871,167
2035,220.117450,35551,166
2036,220.227167,37983,169
2037,220.336617,36210,167
2038,220.445817,36058,166
2039,220.555283,35954,166
2040,220.664750,37690,169
2041,220.773950,38505,170
2042,220.883400,36144,167
2043,220.993117,38132,170
2044,221.102317,37033,168
2045,221.211783,37766,169
2046,221.321500,38646,171
2047,221.430967,35596,166
2048,221.540683,36179,167
2049,221.650150,37186,168
2050,221.759350,37913,169
2051,221.868800,35815,166
2052,221.978533,36669,168
2053,222.087733,35905,166
2054,222.197450,37207,168
2055,222.307167,39210,171
2056,222.416883,36154,167
2057,222.526350,37110,168
2058,222.636067,36334,167
2059,222.745783,36572,168
2060,222.855250,36572,168
2061,222.964967,35468,166
2062,223.074683,35249,166
2063,223.184417,37177,168
2064,223.293867,37295,169
2065,223.403333,36472,167
2066,223.512267,36608,168
2067,223.621733,35594,166
2068,223.731183,37353,169
2069,223.840650,36376,167
2070,223.950117,38025,170
2071,224.059833,36189,167
2072,224.169033,38778,171
2073,224.278750,36552,168
2074,224.388467,36225,167
2075,224.498183,37024,168
2076,224.607650,35884,167
2077,224.717367,36091,167
2078,224.827083,36968,168
2079,224.936550,36518,168
2080,225.046017,36043,167
2081,225.155467,35130,166
2082,225.264933,37173,169
2083,225.374400,35451,166
2084,225.484117,36840,168
2085,225.593833,36131,167
2086,225.703300,35860,167
2087,225.812750,36455,167
2088,225.922217,38938,171
2089,226.031417,36414,167
2090,226.140867,38020,170
2091,226.250600,37087,168
2092,226.360050,34955,165
2093,226.469517,36222,167
2094,226.578967,36781,168
2095,226.688433,34979,165
2096,226.797900,37705,169
2097,226.907617,37384,169
2098,227.017333,35325,166
2099,227.126800,35154,166
2100,227.236517,38656,171
2101,227.345717,35745,166
2102,227.454917,36734,168
2103,227.564383,36070,167
2104,227.673583,36428,167
2105,227.783033,37412,169
2106,227.892500,36964,168
2107,228.001950,35643,166
2108,228.111417,35806,166
2109,228.221133,37474,169
2110,228.330600,37668,169
2111,228.440317,35480,166
2112,228.549783,38191,170
2113,228.658983,36366,167
2114,228.768433,34948,165
2115,228.878417,37385,169
2116,228.988133,37826,169
2117,229.097600,37150,168
2118,229.207317,36219,167
2119,229.317033,37719,169
2120,229.426233,34904,165
2121,229.535700,36991,168
2122,229.645417,37053,168
2123,229.754883,37623,169
2124,229.864083,37042,168
2125,229.973800,37272,168
2126,230.083000,34890,165
2127,230.192467,35405,166
2128,230.301917,38177,170
2129,230.411117,35797,166
2130,230.520583,35998,167
2131,230.630033,38022,170
2132,230.739500,36781,168
2133,230.848967,36706,168
2134,230.957900,35819,166
2135,231.067367,35070,165
2136,231.176817,36328,167
2137,231.286017,35459,166
2138,231.395483,38102,170
2139,231.504950,34053,164
2140,231.614400,38204,170
2141,231.723350,37415,169
2142,231.832283,36327,167
2143,231.941750,38746,171
2144,232.051467,37370,169
2145,232.160400,38146,170
2146,232.269867,37284,169
2147,232.379317,36206,167
2148,232.488783,37652,169
2149,232.597983,36190,167
2150,232.707450,37416,169
2151,232.816900,36562,167
2152,232.926367,37025,168
2153,233.035833,36684,167
2154,233.145283,37014,168
2155,233.254750,37109,168
2156,233.364467,35074,165
2157,233.473933,36086,167
2158,233.583383,36007,167
2159,233.692850,35040,165
2160,233.802050,36265,167
2161,233.911500,37608,169
2162,234.021233,36082,167
2163,234.130433,34748,165
2164,234.240150,38010,169
2165,234.349867,35607,166
2166,234.459067,37012,168
2167,234.568533,37350,168
2168,234.677983,36896,168
2169,234.787183,35644,166
2170,234.896383,37728,169
2171,235.006117,36441,167
2172,235.115567,34700,165
2173,235.225033,37491,169
2174,235.334750,36057,167
2175,235.444217,37620,169
2176,235.553667,37024,168
2177,235.663383,35526,166
2178,235.773367,37815,169
2179,235.882833,34928,165
2180,235.992550,34827,165
2181,236.102267,37145,168
2182,236.211733,35843,166
2183,236.320933,36391,167
2184,236.430400,35847,166
2185,236.539850,34907,165
2186,236.649317,37676,169
2187,236.759033,36570,167
2188,236.868500,37929,170
2189,236.977950,36318,167
2190,237.087150,36468,168
2191,237.196617,36036,167
2192,237.306333,37586,171
2193,237.416050,37179,170
2194,237.525767,36036,167
2195,237.635500,36467,167
2196,237.744950,37386,169
2197,237.854667,36810,168
2198,237.964133,37647,169
2199,238.073850,36042,167
2200,238.183317,36948,168
2201,238.293300,36851,168
2202,238.402750,35526,166
2203,238.512217,34992,165
2204,238.621933,37241,168
2205,238.731133,35251,165
2206,238.840850,35341,166
2207,238.950050,37610,169
2208,239.059517,35377,166
2209,239.168983,31099,160
2210,239.278433,25674,153
2211,239.387633,1472,119
2212,239.497350,1700,121
2213,239.607083,37408,169
2214,239.716533,36528,167
2215,239.826000,36200,167
2216,239.935450,35252,165
2217,240.044650,36589,167
2218,240.153867,33894,163
2219,240.263583,33121,162
2220,240.372517,36565,168
2221,240.481983,33959,164
2222,240.591183,36190,167
2223,240.700900,33311,162
2224,240.810367,33117,162
2225,240.920083,34983,165
2226,241.029283,33353,162
2227,241.139000,35626,166
2228,241.248717,34123,164
2229,241.358183,36138,167
2230,241.467900,35574,166
2231,241.577367,38036,170
2232,241.686567,36820,168
2233,241.796017,36725,167
2234,241.905733,34392,164
2235,242.015200,36830,168
2236,242.124400,36416,167
2237,242.234117,35662,166
2238,242.343317,37605,169
2239,242.453050,34525,164
2240,242.562500,34537,164
2241,242.671967,35457,166
2242,242.781417,34967,165
2243,242.890883,34841,165
2244,243.000350,35761,166
2245,243.109800,35626,166
2246,243.219267,33445,163
2247,243.328717,35111,165
2248,243.438450,35202,166
2249,243.548417,36775,168
2250,243.658150,35227,166
2251,243.767867,37242,169
2252,243.877317,34756,165
2253,243.986533,34082,165
2254,244.096250,35842,167
2255,244.205967,34425,165
2256,244.315683,35323,166
2257,244.424883,34082,165
2258,244.534083,36137,168
2259,244.643800,35327,166
2260,244.752750,35567,166
2261,244.862200,35872,167
2262,244.971667,33645,163
2263,245.081133,37048,168
2264,245.190850,36257,167
2265,245.300567,35527,166
2266,245.409767,34196,164
2267,245.519233,33695,163
2268,245.628950,34399,164
2269,245.738400,36025,167
2270,245.847617,36073,167
2271,245.957333,33924,164
2272,246.066783,36036,167
2273,246.176250,36813,168
2274,246.285967,35931,167
2275,246.395683,35739,166
2276,246.505150,34696,164
2277,246.614867,36372,167
2278,246.724333,38556,170
2279,246.833783,33805,163
2280,246.942983,36681,168
2281,247.052450,35314,166
2282,247.161917,35970,167
2283,247.271367,36128,167
2284,247.381083,37224,168
2285,247.490283,36224,167
2286,247.599750,37650,169
2287,247.709467,37086,168
2288,247.818667,33928,164
2289,247.928400,37371,169
2290,248.037850,37003,168
2291,248.147317,35841,166
2292,248.256517,35855,166
2293,248.366233,35403,166
2294,248.475700,36794,168
2295,248.585417,35946,167
2296,248.695133,36058,167
2297,248.804333,34653,165
2298,248.914050,33716,163
2299,249.023517,34178,164
2300,249.132717,34387,164
2301,249.242167,34936,165
2302,249.351633,35907,166
2303,249.461100,33459,163
2304,249.570550,35811,166
2305,249.680283,35420,166
2306,249.789483,35352,166
2307,249.898933,34617,165
2308,250.008650,32640,162
2309,250.118383,35339,166
2310,250.227583,34980,166
2311,250.337033,34277,164
2312,250.446750,35638,166
2313,250.555950,35065,165
2314,250.665417,35825,166
2315,250.775133,35434,166
2316,250.884600,35607,166
2317,250.994050,32604,161
2318,251.103783,35861,167
2319,251.213233,33285,163
2320,251.322950,35314,166
2321,251.432417,35279,166
2322,251.541883,33580,163
2323,251.651600,32841,162
2324,251.761317,34571,165
2325,251.870517,35398,166
2326,251.980233,34048,164
2327,252.089700,34345,164
2328,252.198900,35458,166
2329,252.308367,35051,166
2330,252.417817,35461,166
2331,252.527283,33646,163
2332,252.636733,36655,168
2333,252.745933,36630,168
2334,252.855400,33420,163
2335,252.964867,33552,163
2336,253.074583,35580,166
2337,253.184033,35753,166
2338,253.293500,35511,166
2339,253.402967,35519,166
2340,253.512417,37465,169
2341,253.621883,34668,165
2342,253.731600,37235,168
2343,253.841317,36496,168
2344,253.950783,33437,163
2345,254.060500,35522,166
2346,254.170217,35200,166
2347,254.279683,34541,165
2348,254.389150,34528,164
2349,254.498867,34127,164
2350,254.608067,35689,166
2351,254.717517,34325,164
2352,254.827250,33836,163
2353,254.936450,35546,166
2354,255.045900,33568,163
2355,255.155617,35015,165
2356,255.265350,36486,167
2357,255.374800,36160,167
2358,255.484533,33920,164
2359,255.593983,34254,164
2360,255.703183,33343,163
2361,255.812383,36835,168
2362,255.922100,35085,165
2363,256.031567,34789,165
2364,256.141033,34437,164
2365,256.250483,34171,164
2366,256.359950,35032,165
2367,256.469400,36845,168
2368,256.579133,38392,170
2369,256.688850,33336,162
2370,256.798300,33310,162
2371,256.908033,32642,161
2372,257.017483,34759,164
2373,257.127200,34710,165
2374,257.236933,33434,162
2375,257.346650,34981,165
2376,257.455850,35827,166
2377,257.565567,33711,163
2378,257.675033,34543,164
2379,257.784233,35985,166
2380,257.893683,33782,163
2381,258.003150,34985,166
2382,258.112617,32652,163
2383,258.222333,35164,166
2384,258.332050,36140,168
2385,258.442550,35848,167
2386,258.552017,33221,163
2387,258.661733,32967,163
2388,258.771450,34246,165
2389,258.880917,31758,161
2390,258.990633,33586,164
2391,259.100350,35038,166
2392,259.209300,35659,167
2393,259.318750,32930,163
2394,259.428467,35568,167
2395,259.538200,33764,164
2396,259.647917,34061,165
2397,259.757367,35222,167
2398,259.866833,35395,167
2399,259.976550,34832,166
2400,260.086267,34564,166
2401,260.196000,33656,164
2402,260.305717,35871,168
2403,260.415433,35130,166
2404,260.524900,34985,166
2405,260.634617,35464,167
2406,260.744067,33834,164
2407,260.853267,35537,167
2408,260.963000,33434,162
2409,261.072450,34558,164
2410,261.181917,35356,166
2411,261.291117,36189,168
2412,261.400583,34941,166
2413,261.510033,35185,166
2414,261.619500,34927,166
2415,261.728950,36599,168
2416,261.838683,35884,167
2417,261.948133,36112,168
2418,262.057333,35128,166
2419,262.167050,32374,162
2420,262.276783,32903,163
2421,262.385983,34917,166
2422,262.495433,33928,164
2423,262.604900,35080,166
2424,262.715133,33069,163
2425,262.824600,34424,165
2426,262.934317,36439,168
2427,263.043783,33129,163
2428,263.152983,33755,164
2429,263.262433,35349,166
2430,263.371900,33492,164
2431,263.481367,35258,166
2432,263.590817,34849,166
2433,263.700533,36160,167
2434,263.809733,36294,168
2435,263.919467,33175,163
2436,264.028667,34579,165
2437,264.138117,34666,165
2438,264.247317,32346,162
2439,264.357033,33747,164
2440,264.466500,33853,164
2441,264.575967,34944,166
2442,264.685417,33819,164
2443,264.794617,35658,167
2444,264.904350,35373,166
2445,265.013800,34197,165
2446,265.123000,34364,165
2447,265.232717,32730,162
2448,265.342450,33566,164
2449,265.451900,35204,166
2450,265.561367,34714,165
2451,265.671083,35240,166
2452,265.780550,34137,165
2453,265.889750,34085,164
2454,265.999467,33977,164
2455,266.108917,34757,166
2456,266.218383,33771,164
2457,266.328100,35671,167
2458,266.437817,35958,167
2459,266.547283,33782,164
2460,266.657000,32357,162
2461,266.766733,36100,168
2462,266.875933,33792,164
2463,266.985383,35158,166
2464,267.095100,33735,164
2465,267.205350,33500,163
2466,267.314800,34632,165
2467,267.424533,34011,165
2468,267.534250,34348,165
2469,267.643700,34467,165
2470,267.752900,34506,165
2471,267.862633,33321,163
2472,267.972083,33909,164
2473,268.081800,33304,163
2474,268.191533,35237,166
2475,268.301250,33273,163
2476,268.410700,34940,166
2477,268.520433,33187,163
2478,268.630150,33804,164
2479,268.739617,35374,167
2480,268.849333,35009,166
2481,268.959050,33915,164
2482,269.068767,33489,164
2483,269.178233,33824,164
2484,269.287433,33276,163
2485,269.397150,35806,167
2486,269.506350,33200,163
2487,269.616067,32423,162
2488,269.725533,33908,164
2489,269.834983,31338,160
2490,269.944450,35697,167
2491,270.053917,33389,163
2492,270.163367,34346,165
2493,270.272833,34990,166
2494,270.382550,31913,160
2495,270.492017,32868,162
2496,270.601467,32892,162
2497,270.711200,33793,163
2498,270.820650,35043,165
2499,270.930117,32471,161
2500,271.039833,35025,166
2501,271.149817,31611,161
2502,271.259267,33668,163
2503,271.368733,34179,164
2504,271.478450,33749,164
2505,271.587650,31853,161
2506,271.697367,34887,165
2507,271.807100,35206,165
2508,271.917067,34911,165
2509,272.026533,32507,161
2510,272.136250,35336,166
2511,272.245967,35478,166
2512,272.355433,34047,164
2513,272.465150,31729,161
2514,272.574617,33708,164
2515,272.684083,35973,167
2516,272.793800,36513,168
2517,272.903250,34026,164
2518,273.012983,32653,162
2519,273.122433,32067,161
2520,273.231900,33976,164
2521,273.341617,34587,165
2522,273.451083,32964,162
2523,273.560800,32277,161
2524,273.670250,35563,167
2525,273.779717,32419,161
2527,273.998633,33783,164
2528,274.108100,34911,166
2529,274.218083,35354,166
2530,274.327800,31449,161
2531,274.437517,30535,159
2532,274.546983,30820,161
2533,274.656433,33425,164
2534,274.766167,33079,163
2535,274.875617,31178,160
2536,274.985083,30866,159
2537,275.094800,32171,161
2538,275.204267,28722,155
2539,275.313717,34820,164
2540,275.423433,30445,158
2541,275.532633,31703,160
2542,275.642100,31184,159
2543,275.751817,30787,159
2544,275.861017,31892,161
2545,275.970483,30291,158
2546,276.079933,29340,157
2547,276.189400,32637,162
2548,276.298867,29483,157
2549,276.408317,30699,159
2550,276.517517,32471,161
2551,276.626717,31779,160
2552,276.736183,31706,160
2553,276.845650,32805,161
2554,276.955367,29644,157
2555,277.065083,29664,157
2556,277.174550,28509,155
2557,277.284000,26726,152
2558,277.393717,27278,153
2559,277.502917,29051,155
2560,277.612383,26869,152
2561,277.722100,29367,156
2562,277.831817,27990,153
2563,277.941550,29158,155
2564,278.051000,28028,153
2565,278.160733,26018,150
2566,278.270183,29723,156
2567,278.379650,27732,153
2568,278.489367,28778,155
2569,278.598300,26484,151
2570,278.708033,26068,150
2571,278.817750,26865,151
2572,278.927467,25189,149
2573,279.036667,25573,149
2574,279.146133,29478,156
2575,279.255850,27512,151
2576,279.365050,25822,150
2577,279.474767,25134,149
2578,279.584233,26692,151
2579,279.693433,25714,150
2580,279.802883,25529,149
2581,279.912600,26364,150
2582,280.021817,26584,151
2583,280.131533,25034,148
2584,280.240983,25730,149
2585,280.350450,23934,146
2586,280.460433,24890,148
2587,280.569883,24714,148
2588,280.679350,24821,148
2589,280.788817,25827,150
2590,280.898017,25467,149
2591,281.007467,24107,147
2592,281.116933,25275,148
2593,281.227167,24757,149
2594,281.336367,24586,149
2595,281.445833,24802,149
2596,281.555033,23111,146
2597,281.664233,23917,148
2598,281.773683,23944,147
2599,281.883150,23672,147
2600,281.992617,23730,147
2601,282.102067,21804,144
2602,282.211017,24840,149
