#file number,time from start,flux,flux error
27,0.000000,26519,147
28,0.109717,26254,148
29,0.219183,25202,146
30,0.328650,26255,147
31,0.438100,26312,147
32,0.547567,25867,148
33,0.657017,25672,149
34,0.766217,25736,148
35,0.875417,26162,148
36,0.984367,25956,149
37,1.094083,26150,146
38,1.203033,26200,146
39,1.311700,26115,146
40,1.420650,25699,145
42,1.638533,25914,145
43,1.747200,26130,146
44,1.856400,26239,146
45,1.965600,26752,147
46,2.075067,26457,147
47,2.184000,25926,145
48,2.293467,26213,146
49,2.402933,26446,146
50,2.512133,25533,145
51,2.621850,25598,145
52,2.731300,26332,146
53,2.840767,26224,146
54,2.950233,26443,146
55,3.059950,26183,146
56,3.169150,26184,146
57,3.278617,26242,146
58,3.388333,25608,145
59,3.497783,25435,145
60,3.607517,25822,145
61,3.716967,25786,145
62,3.826167,25805,145
100,7.989567,26183,146
101,8.098767,25955,146
102,8.208483,25619,145
103,8.317950,26347,146
104,8.427417,26551,146
105,8.536617,26567,147
106,8.645550,25917,145
107,8.754500,26479,147
108,8.863433,26111,148
109,8.972367,26111,147
110,9.082350,26411,146
111,9.191550,25579,145
112,9.300750,25918,145
113,9.410217,26427,146
114,9.519417,26396,146
115,9.628867,26077,146
116,9.738600,25981,145
117,9.848317,26540,146
118,9.957000,25883,145
119,10.066967,25864,145
120,10.176950,26056,146
121,10.286417,26237,146
122,10.396133,26421,146
123,10.505067,25894,145
124,10.614533,25993,145
125,10.724250,26346,146
126,10.833717,26355,146
127,10.943433,25819,145
128,11.053150,26414,146
129,11.162883,26017,145
130,11.272600,26679,147
131,11.382050,25974,145
132,11.491517,25602,145
133,11.600983,25906,145
134,11.710433,26656,147
135,11.819900,26388,146
136,11.929350,26072,146
137,12.038817,25708,145
138,12.148533,26182,146
139,12.257733,25926,145
140,12.367200,26243,146
141,12.476917,26455,147
142,12.586383,26330,146
143,12.695833,26225,146
144,12.805567,25707,145
145,12.915017,25925,147
146,13.024217,25987,147
147,13.133683,25962,145
148,13.242883,26480,148
149,13.352333,25820,148
150,13.462067,26712,149
151,13.571267,26571,149
152,13.680983,26250,147
153,13.790433,25780,146
154,13.900683,26144,147
155,14.010400,26255,147
156,14.119600,26755,147
157,14.229317,25930,147
158,14.338783,25656,146
159,14.448500,26588,147
160,14.557967,26078,147
161,14.667167,25886,146
162,14.776617,25907,146
163,14.886350,26318,146
164,14.996067,25131,144
165,15.105517,26053,145
166,15.215250,26712,147
167,15.324700,26400,146
168,15.433900,26015,146
169,15.543367,25883,145
170,15.652817,25998,146
171,15.762283,25276,144
172,15.871750,26460,146
173,15.981200,25877,145
174,16.090667,25997,145
175,16.200383,25471,144
176,16.310100,26217,145
177,16.419300,20842,136
178,16.529033,25958,145
179,16.638233,25701,145
180,16.747683,26322,146
181,16.857400,26307,146
182,16.967650,25872,145
183,17.077100,25713,145
190,17.843850,25947,145
194,18.281683,25743,145
195,18.390633,25632,145
196,18.499567,25221,145
197,18.608767,25779,145
198,18.717967,25672,145
199,18.827167,26061,146
200,18.936117,26564,147
201,19.045050,25180,145
202,19.154767,26077,146
203,19.264233,25650,145
204,19.373433,25489,145
205,19.482883,25961,146
206,19.592350,25879,146
207,19.702067,25960,146
208,19.811533,25129,145
209,19.920733,25763,146
210,20.030200,25303,144
211,20.139650,25147,145
212,20.248850,26201,146
213,20.358317,25831,146
214,20.467767,26172,146
215,20.577233,25695,145
216,20.686700,25725,145
217,20.796150,25994,146
218,20.905617,26286,146
219,21.014817,25668,145
220,21.124267,26255,146
221,21.233467,25704,145
222,21.343200,26464,147
223,21.452650,25720,145
224,21.561850,26236,146
225,21.671317,25952,146
226,21.781033,25749,146
227,21.890500,25392,145
228,22.000217,26642,147
229,22.109933,26021,146
230,22.219400,26326,146
231,22.328850,26329,146
232,22.438317,25599,145
233,22.547517,25477,145
234,22.656983,26018,146
235,22.766700,25683,145
236,22.876150,26119,146
237,22.985883,25635,145
238,23.095333,25978,146
239,23.204800,26004,146
240,23.314000,26104,146
241,23.423717,26348,147
242,23.532917,26283,146
243,23.642383,25860,146
244,23.751833,25870,146
245,23.861300,26106,146
246,23.970767,26525,147
247,24.079967,25980,145
248,24.189167,25987,146
249,24.298617,26471,146
250,24.408083,26619,147
251,24.517283,26344,146
252,24.627000,26243,146
253,24.736467,25991,145
254,24.845667,26226,146
255,24.955117,25757,148
256,25.064583,24830,144
257,25.174033,25762,145
258,25.283500,26545,146
259,25.393217,26179,146
260,25.502683,26060,146
261,25.612133,25621,145
262,25.721867,26089,145
263,25.831067,26600,146
264,25.940517,25965,145
265,26.050250,25767,145
266,26.159183,25582,145
267,26.268650,25557,145
268,26.378367,25807,145
269,26.487567,25884,145
270,26.597283,25775,145
271,26.707000,26244,147
272,26.816200,25845,147
273,26.925667,26133,149
274,27.035383,26402,148
275,27.144583,26400,148
276,27.254300,26084,146
277,27.363767,25452,146
278,27.472967,26026,147
279,27.582417,26464,148
280,27.692150,26089,147
281,27.801350,26689,148
282,27.911067,25819,147
283,28.020783,25963,147
284,28.130250,26227,147
285,28.239967,26508,148
286,28.349433,26375,149
287,28.458633,26123,149
288,28.568083,25277,147
289,28.677283,27248,150
290,28.786483,26016,148
291,28.895950,27185,150
292,29.005667,26259,149
293,29.115133,26298,149
294,29.224850,26226,149
295,29.334567,25771,148
296,29.444283,26497,149
297,29.553483,25792,147
298,29.662950,26653,149
299,29.772667,26046,148
300,29.881867,25468,147
301,29.991333,25888,147
302,30.101050,25756,147
303,30.210767,26039,147
304,30.320233,26508,148
305,30.429950,26406,147
306,30.539417,26232,146
307,30.648617,26419,146
308,30.758333,26573,147
309,30.867783,25898,146
310,30.977250,26335,146
311,31.086450,25804,146
312,31.195917,26802,147
313,31.305367,25452,145
314,31.414833,26648,147
315,31.523767,26016,146
316,31.632450,25779,145
317,31.741650,25979,146
318,31.851367,25919,146
319,31.961100,26213,146
320,32.070550,25804,146
321,32.180017,26072,146
322,32.289733,25561,145
323,32.399717,26031,146
324,32.509433,26662,147
325,32.618900,25649,145
326,32.728350,26603,147
327,32.837817,26180,146
328,32.947267,26114,146
329,33.057000,26354,146
330,33.166450,26590,147
331,33.275917,26030,146
332,33.385117,25809,146
333,33.494583,26295,146
334,33.603783,25966,146
335,33.713233,25871,145
336,33.822183,26014,146
337,33.931117,26278,146
338,34.040317,25612,145
339,34.149783,25444,145
340,34.259500,26161,146
341,34.368950,25925,146
342,34.478150,26085,146
343,34.587617,25609,145
344,34.697083,27066,148
345,34.806800,25671,145
346,34.916517,25776,145
347,35.025717,26774,147
348,35.135183,26143,146
349,35.244633,25409,145
350,35.353833,25970,146
351,35.463300,25942,146
352,35.572767,25584,145
353,35.681967,25564,145
354,35.791417,26160,146
355,35.900883,26378,147
356,36.010333,26055,146
357,36.119800,25549,145
358,36.229517,26049,146
359,36.338717,26816,147
360,36.448433,26006,146
361,36.558167,25564,145
362,36.668133,26172,146
363,36.777333,25902,146
364,36.887067,26228,146
365,36.996783,25994,146
366,37.106250,26328,146
367,37.215700,26270,146
368,37.325417,25647,145
369,37.434617,26295,146
370,37.544083,26328,145
371,37.653800,26182,146
372,37.763267,26580,146
373,37.872717,26312,146
374,37.982450,26744,147
375,38.091900,26009,146
376,38.201367,26623,147
377,38.311083,26207,146
378,38.420283,26055,146
379,38.530000,25940,146
380,38.639467,25728,146
381,38.749183,25979,146
382,38.858650,26030,146
383,38.968367,25822,146
384,39.078083,26128,146
385,39.187550,26412,147
386,39.297267,25815,146
387,39.406983,25934,146
388,39.516700,25474,145
389,39.625900,25774,146
390,39.735633,26149,146
391,39.845083,26134,146
392,39.954283,26094,146
393,40.064000,25587,145
394,40.173467,25706,146
395,40.282933,26060,146
396,40.392383,25875,146
397,40.502100,25595,145
398,40.611567,25969,146
399,40.721283,26203,146
400,40.830750,25463,145
401,40.940217,25994,146
402,41.049667,25936,146
403,41.159383,26227,146
404,41.268583,25545,145
405,41.378050,25122,145
406,41.487517,26294,147
407,41.596967,26421,147
408,41.706433,26096,146
409,41.816150,26071,146
410,41.925617,25475,145
411,42.035067,25933,146
412,42.144533,26034,146
413,42.253467,25591,145
414,42.363183,25423,145
415,42.472917,25693,146
416,42.582367,25776,146
417,42.691833,25471,145
418,42.801550,25189,145
419,42.911267,25808,146
420,43.020467,26214,147
421,43.130200,26359,147
422,43.239917,25771,146
423,43.349367,25637,146
424,43.459100,26211,147
425,43.568300,25971,146
426,43.677750,26197,147
427,43.787217,25667,146
428,43.896667,25205,145
429,44.006133,25851,146
430,44.115333,25768,146
431,44.225050,25912,146
432,44.334250,26561,147
433,44.443967,25941,146
434,44.553700,26024,146
435,44.663150,26565,147
436,44.772617,26247,147
437,44.882333,26753,147
438,44.991800,25888,146
439,45.101517,26406,147
440,45.210983,26413,147
441,45.320700,26325,147
442,45.430150,25673,146
443,45.539883,26391,147
444,45.649600,25405,145
445,45.759050,26399,147
446,45.868517,26390,147
447,45.978233,26660,148
448,46.087950,25957,146
449,46.197417,26265,147
450,46.307133,25980,147
451,46.416850,26276,147
452,46.526050,25818,146
453,46.635517,26233,147
454,46.745233,25072,145
455,46.854700,26043,147
456,46.964167,26365,147
457,47.073617,26320,147
458,47.183083,26596,147
459,47.292533,26851,148
460,47.402000,26418,147
461,47.511200,26116,147
462,47.620917,25754,146
463,47.730383,25881,146
464,47.839833,25323,145
465,47.949300,26338,147
466,48.058767,25236,145
467,48.167967,25335,145
468,48.277683,26559,147
469,48.387133,26261,146
470,48.496600,26212,146
471,48.606317,26388,147
472,48.715783,25690,146
473,48.824983,25672,146
474,48.934700,25963,146
475,49.043900,26084,146
476,49.153367,26352,147
477,49.262817,26209,147
478,49.372800,26299,147
479,49.482517,26139,147
480,49.591717,25332,145
481,49.701450,26569,147
482,49.810900,25380,145
483,49.920100,26256,147
484,50.029817,26804,148
485,50.139800,26146,147
486,50.249267,25915,146
487,50.358983,26261,147
488,50.468450,25660,146
489,50.577650,25445,146
490,50.687100,26522,148
491,50.796567,26400,147
492,50.906033,26046,147
493,51.015483,26117,147
494,51.124950,26183,147
495,51.234150,25978,147
496,51.343867,26577,148
497,51.453333,26286,147
498,51.562783,26333,147
499,51.672500,26364,147
500,51.781967,25969,147
501,51.891433,25994,147
502,52.000633,25726,146
503,52.110350,25995,146
504,52.219550,25470,146
505,52.328750,25548,146
506,52.438467,26437,147
507,52.547667,25724,146
508,52.656867,26048,146
509,52.766333,25783,146
510,52.876050,26218,146
511,52.985767,26022,146
512,53.095483,26282,146
513,53.205217,26693,147
514,53.314417,26104,146
515,53.424133,26732,147
516,53.533583,25459,145
517,53.643050,25604,145
518,53.752767,25728,146
519,53.862483,25781,146
520,53.971950,25707,146
521,54.081417,26217,146
522,54.190867,25875,146
523,54.300333,25937,146
524,54.410050,25935,146
525,54.519517,26272,147
526,54.628967,25888,146
527,54.738433,26209,147
528,54.848150,25924,146
529,54.957867,26364,147
530,55.067067,25797,146
531,55.176800,25893,146
532,55.286250,25614,146
533,55.395967,25944,146
534,55.505433,25840,146
535,55.615150,26571,147
536,55.724350,25997,146
537,55.834067,25754,146
538,55.943800,26069,147
539,56.053250,25673,146
540,56.162983,26007,146
541,56.272433,25575,146
542,56.382150,25677,146
543,56.491617,25757,146
544,56.601333,25610,146
545,56.711050,25743,146
546,56.820783,26156,147
547,56.930500,26738,148
548,57.039950,25797,146
549,57.149683,26147,147
550,57.259133,26002,147
551,57.368850,25224,144
552,57.478583,26604,147
553,57.588033,26267,147
554,57.697233,26116,147
555,57.806700,26012,147
556,57.916417,20338,137
557,58.025883,24801,145
558,58.135600,25860,146
559,58.245067,26274,147
560,58.354517,25981,147
561,58.463983,25477,146
562,58.573433,25898,147
563,58.682633,25777,146
564,58.792367,25800,147
565,58.901567,25461,146
566,59.011017,25424,146
567,59.120733,25649,146
568,59.229933,26211,147
569,59.339400,25530,146
570,59.449117,25993,147
571,59.558583,25584,146
572,59.668033,25545,146
573,59.777767,26215,147
574,59.886967,26001,147
575,59.996417,26195,147
576,60.105883,25942,147
577,60.215600,25835,147
578,60.325067,25880,147
579,60.434267,25652,147
580,60.543467,25854,147
581,60.652667,26411,148
582,60.762117,25715,147
583,60.871583,15851,129
584,60.980783,25287,146
585,61.089983,20178,137
586,61.199450,24925,147
587,61.308650,25528,151
588,61.418367,25961,152
589,61.527817,25820,147
590,61.637550,25783,146
591,61.747267,25454,146
592,61.856733,25760,147
593,61.965933,25851,147
594,62.075133,25151,146
595,62.184583,25853,147
596,62.293533,25827,147
597,62.402983,25982,147
598,62.512450,25695,146
599,62.621650,25752,147
600,62.731367,25828,147
601,62.840300,24957,145
602,62.948983,25489,146
603,63.057933,25897,147
604,63.166600,25925,147
605,63.275550,26015,147
606,63.385000,25643,146
607,63.494200,25467,146
608,63.603150,25689,146
609,63.712350,26295,148
610,63.821550,26073,147
611,63.930483,26079,147
612,64.039433,26322,148
613,64.149417,25536,147
614,64.258350,25763,147
615,64.367283,25756,147
616,64.476750,25670,147
617,64.586217,25889,147
618,64.695417,25536,146
619,64.804617,26658,149
620,64.914067,25321,147
621,65.023783,25631,147
622,65.132983,25788,148
623,65.241933,25350,147
624,65.351650,25606,147
625,65.460850,25638,148
626,65.569800,25818,146
627,65.678733,26243,147
628,65.788200,26411,147
629,65.897650,25570,146
630,66.007117,25964,147
631,66.116567,26137,147
632,66.226300,24868,145
633,66.336017,24731,147
634,66.445733,25954,150
635,66.555450,25950,154
636,66.665167,23718,145
637,66.774367,24790,153
638,66.883833,25520,151
639,66.993300,24932,149
640,67.102750,25756,147
641,67.212467,25938,147
642,67.321933,25817,147
643,67.431400,25746,147
644,67.540850,25968,147
645,67.650583,25571,146
646,67.759783,25903,147
647,67.869500,25689,146
648,67.978950,25661,146
649,68.088683,25880,146
650,68.198133,25483,146
651,68.307850,13825,125
652,68.417050,26356,148
653,68.526517,25680,146
654,68.636233,25951,150
655,68.745950,26001,147
656,68.855150,25509,146
657,68.964617,25919,147
658,69.074333,25950,147
659,69.183533,26233,147
660,69.293250,25957,147
661,69.402983,26124,147
662,69.512183,25707,146
663,69.621633,25919,147
664,69.731100,25747,146
665,69.840300,25782,147
666,69.949767,25864,147
667,70.059483,25926,147
668,70.168933,26036,147
669,70.278400,25885,147
670,70.388117,25383,146
671,70.497317,25128,146
672,70.607033,25156,146
673,70.716500,26506,148
674,70.826217,25891,147
675,70.935417,25713,147
676,71.044883,25987,147
677,71.154600,26032,147
678,71.264067,25928,147
679,71.373783,25949,147
680,71.483500,26308,147
681,71.592967,26049,147
682,71.702167,26106,148
683,71.811883,25913,147
684,71.921350,25615,147
685,72.031067,25988,147
686,72.140783,26149,148
687,72.250500,25924,148
688,72.359967,25722,147
689,72.469417,26049,148
690,72.579150,26161,148
691,72.688600,25707,147
692,72.798067,26295,148
693,72.907783,25872,147
694,73.017250,25887,147
695,73.126450,25842,147
696,73.236167,25814,147
697,73.345633,25252,146
698,73.455083,25693,147
699,73.564800,25918,147
700,73.674783,25998,148
701,73.783983,25958,148
702,73.893450,25756,147
703,74.003167,25823,147
704,74.112100,26201,148
705,74.221300,26230,148
706,74.330767,25774,147
707,74.439967,25504,147
708,74.549167,26299,148
709,74.658367,25797,148
710,74.767567,25804,147
711,74.876767,26037,148
712,74.985967,25980,148
713,75.095167,26061,148
714,75.204633,25673,147
715,75.313833,25583,147
716,75.423550,25953,148
717,75.533017,25434,147
718,75.642733,25523,147
719,75.752183,26044,148
720,75.861650,25766,147
721,75.970850,25068,146
722,76.080567,25805,147
723,76.190033,25848,148
724,76.299483,25616,147
725,76.409217,24906,146
726,76.518667,25654,147
727,76.628383,25381,147
728,76.738117,26230,148
729,76.847833,26174,148
730,76.957033,25357,147
731,77.066500,25549,147
732,77.176217,26137,148
733,77.285933,25789,148
734,77.395400,25419,147
735,77.505117,26223,148
736,77.614567,25466,147
737,77.724300,25465,147
738,77.834017,25745,148
739,77.943467,25826,148
740,78.052933,25849,148
741,78.162400,25975,148
742,78.272117,25826,148
743,78.381567,25874,148
744,78.490767,25951,148
745,78.600500,26113,148
746,78.709950,25932,148
747,78.819667,24944,146
748,78.929133,25715,148
749,79.038600,25127,147
750,79.148317,25705,148
751,79.258033,25702,148
752,79.367750,24932,146
753,79.477217,25304,147
754,79.586933,25389,147
755,79.696650,26058,148
756,79.806117,25741,148
757,79.915583,25972,148
758,80.025033,23603,144
759,80.134500,25469,147
760,80.243950,25721,148
761,80.353417,25856,148
762,80.462883,25487,147
763,80.572333,26025,148
764,80.682050,25617,147
765,80.791517,26008,148
766,80.900983,25127,147
767,81.010433,26097,148
768,81.119900,25928,148
769,81.229367,15417,129
770,81.339083,25450,147
771,81.448800,25772,148
772,81.558267,25629,147
773,81.667983,25418,147
774,81.777433,26145,148
775,81.886900,25825,148
776,81.996100,26097,148
777,82.105817,25610,148
778,82.215283,26000,148
779,82.324733,25513,147
780,82.434467,25675,148
781,82.543917,25505,147
782,82.653383,25451,147
783,82.763100,25262,147
784,82.872567,24807,146
785,82.982017,25823,148
786,83.091483,25536,148
787,83.200950,25434,148
788,83.310667,25628,148
789,83.420383,25132,147
790,83.530100,25699,148
791,83.639817,25704,148
792,83.749283,24997,147
793,83.859267,23639,146
794,83.968983,25531,148
795,84.078183,25112,147
796,84.187383,25216,147
797,84.296850,25391,148
798,84.406300,25824,148
799,84.516017,26260,149
800,84.625483,26474,149
801,84.734950,14013,127
802,84.844400,25635,148
803,84.953867,26241,149
804,85.063067,25643,148
805,85.172783,25747,148
806,85.282250,26448,150
807,85.391450,26267,149
808,85.501167,25739,148
809,85.610883,26040,149
810,85.720083,26072,149
811,85.829800,25785,148
812,85.939533,25351,148
813,86.048983,25627,148
814,86.158450,25767,148
815,86.267900,25425,148
816,86.377367,25639,148
817,86.486833,25938,149
818,86.596550,25695,148
819,86.706017,25893,149
820,86.815467,26365,149
821,86.924933,25227,147
822,87.034383,26646,150
823,87.143583,25903,148
824,87.253317,25142,147
825,87.362250,25494,148
826,87.471717,25576,148
827,87.581167,24912,147
828,87.690367,25778,148
829,87.799833,26097,149
830,87.908767,25367,148
831,88.017717,25450,147
832,88.127433,25739,149
833,88.236883,25398,148
834,88.346350,25985,149
835,88.456600,25656,148
836,88.566567,25678,149
837,88.676300,25975,149
838,88.785500,25708,148
839,88.895217,25714,149
840,89.004667,26414,150
841,89.114133,25923,149
842,89.223850,25591,148
843,89.333567,25443,148
844,89.443300,24857,147
845,89.552750,25960,148
846,89.662467,25762,147
847,89.771933,25323,147
848,89.881400,25820,147
849,89.991117,25404,147
850,90.100050,25915,148
851,90.209767,25466,147
852,90.319233,25486,147
853,90.428700,26090,148
854,90.538417,25947,148
855,90.647883,25864,148
856,90.757333,26185,148
857,90.867050,25355,147
858,90.976517,25739,147
859,91.085717,25669,147
860,91.195433,25165,147
861,91.305150,25286,147
862,91.414883,25456,147
863,91.524083,25731,147
864,91.633800,25620,147
865,91.743517,25926,147
866,91.852983,25360,147
867,91.962433,26107,148
868,92.071900,26190,148
869,92.181367,25567,147
870,92.291083,25396,147
871,92.400800,25055,146
872,92.510517,24824,146
873,92.619983,25148,147
874,92.729700,25528,147
875,92.839417,25720,148
876,92.948883,25993,148
877,93.057817,25460,147
878,93.167283,25490,147
879,93.276733,25671,148
880,93.386200,24725,146
881,93.495917,25546,147
882,93.605383,25679,147
883,93.714833,25649,147
884,93.824567,25794,148
885,93.933767,25812,148
886,94.044000,25774,148
887,94.153467,25602,148
888,94.263183,25758,148
889,94.372900,25925,148
890,94.482100,25918,148
891,94.591817,25671,147
892,94.701283,25482,147
893,94.810750,25022,146
894,94.920467,25733,148
895,95.029917,25953,148
896,95.139117,25844,148
897,95.248850,25895,148
898,95.358050,25784,148
899,95.467250,25437,147
900,95.576967,25833,148
901,95.686417,25615,147
902,95.795883,25652,148
903,95.905350,25127,147
904,96.014550,25503,147
905,96.124533,25409,147
906,96.234250,25826,148
907,96.343967,25746,147
908,96.453950,25820,147
909,96.563400,25752,148
910,96.672867,26090,148
911,96.782333,25382,147
912,96.891783,25512,147
913,97.001500,26481,149
914,97.110700,25900,148
915,97.220167,26103,148
916,97.329633,25870,148
917,97.439083,25546,147
918,97.548800,25350,147
919,97.658533,25483,147
920,97.768250,25857,148
921,97.877717,25562,147
922,97.987433,25534,147
923,98.097150,25614,147
924,98.206617,25105,146
925,98.316333,25737,148
926,98.426050,25616,147
927,98.535767,25933,148
928,98.645233,25706,147
929,98.754950,25514,147
930,98.864667,25839,148
931,98.974133,25922,148
932,99.083850,25342,147
933,99.193567,25626,147
934,99.303283,25330,147
935,99.412483,25832,148
936,99.522217,25724,148
937,99.631667,25707,148
938,99.741133,25743,147
939,99.850600,25505,147
940,99.960317,25900,148
941,100.069767,25510,147
942,100.179500,25226,147
943,100.288950,25347,147
944,100.398150,26271,149
945,100.507867,25758,148
946,100.617600,25775,148
947,100.727050,25958,148
948,100.836517,25946,148
949,100.945967,25360,147
950,101.055700,24907,146
951,101.165150,25848,148
952,101.274867,25527,147
953,101.384600,25285,147
954,101.494317,25817,148
955,101.603783,25617,147
956,101.713233,25352,147
957,101.822433,25860,148
958,101.931633,25554,147
959,102.041350,25694,148
960,102.150817,25359,147
961,102.260533,25598,147
962,102.370000,25379,147
963,102.479450,25593,147
964,102.588917,25499,147
965,102.698633,25952,148
966,102.808350,25386,147
967,102.917550,25736,147
968,103.027283,25695,148
969,103.136733,25647,148
970,103.245933,26030,148
971,103.355650,25421,147
972,103.465900,25380,147
1000,106.533900,25532,147
1001,106.643367,26030,148
1002,106.752817,25799,148
1003,106.862550,25717,148
1004,106.972267,25922,148
1005,107.081983,24876,146
1006,107.191450,25084,147
1007,107.300650,25652,147
1008,107.410100,25634,148
1009,107.519300,25320,148
1010,107.628767,25487,147
1011,107.738483,25280,147
1012,107.847683,25620,147
1013,107.957400,25844,148
1014,108.067650,25530,147
1015,108.177367,25281,147
1016,108.286833,26501,149
1017,108.396550,25839,148
1018,108.506000,25770,147
1019,108.615467,26105,148
1020,108.724667,25895,148
1021,108.834133,26035,148
1022,108.943583,25996,148
1023,109.053050,25283,147
1024,109.161983,25044,147
1025,109.271450,26287,149
1026,109.380650,25692,147
1027,109.545750,25625,147
1028,109.654683,25771,148
1029,109.764150,25446,147
1030,109.873350,25880,153
1031,109.982283,25760,155
1032,110.091750,25760,155
1033,110.200950,25549,157
1034,110.310667,25733,157
1035,110.420133,26230,155
1036,110.529583,25657,148
1037,110.639317,25781,148
1038,110.749033,25785,148
1039,110.858483,25481,147
1040,110.967950,25555,148
1041,111.077667,25419,147
1042,111.186867,25095,147
1043,111.296600,25727,148
1044,111.406050,25786,148
1045,111.515250,25916,148
1046,111.624717,25838,148
1047,111.734167,25469,147
1048,111.843633,25542,147
1049,111.953350,25499,147
1050,112.063067,25470,147
1051,112.172800,24912,146
1052,112.282250,25641,148
1053,112.391450,25250,147
1054,112.501167,25419,147
1055,112.610367,25445,147
1056,112.719833,25544,147
1057,112.829550,25809,148
1058,112.939017,25843,148
1059,113.048483,25630,148
1060,113.158200,26042,148
1061,113.267917,25524,147
1062,113.377633,25509,147
1063,113.486833,25995,148
1064,113.596550,25591,148
1065,113.706017,25901,148
1066,113.815483,26051,148
1067,113.924683,25442,147
1068,114.034133,25549,147
1069,114.143850,25579,148
1070,114.253317,25719,148
1071,114.363033,25773,148
1072,114.472500,26068,148
1073,114.582217,25597,147
1074,114.691683,25537,148
1075,114.801133,25828,148
1076,114.910600,26209,149
1077,115.019800,25565,147
1078,115.129267,25630,148
1079,115.238983,25410,147
1080,115.348433,25237,147
1081,115.458167,25405,148
1082,115.567883,25623,148
1083,115.677333,25561,148
1084,115.787067,25522,148
1085,115.896517,25318,147
1086,116.006500,25819,148
1087,116.115967,25454,147
1088,116.225683,25927,148
1089,116.335133,25537,148
1090,116.444333,25882,148
1091,116.553533,25760,148
1092,116.663267,25706,148
1093,116.772717,25727,148
1094,116.881917,25829,148
1095,116.991650,25544,147
1096,117.100850,25281,147
1097,117.210567,25858,148
1098,117.320017,25940,148
1099,117.429483,25143,147
1100,117.538683,25231,147
1101,117.648150,25475,148
1102,117.757600,25432,147
1103,117.866800,25589,148
1104,117.976000,25484,148
1105,118.085200,25630,148
1106,118.194667,24714,146
1107,118.303600,25414,147
1108,118.413067,25528,148
1109,118.522000,25880,148
1110,118.631200,25569,147
1111,118.740667,25679,148
1112,118.849867,25220,147
1113,118.959333,25309,147
1114,119.068267,25278,147
1115,119.177200,26062,148
1116,119.286150,25959,148
1117,119.395350,25863,148
1118,119.504800,25643,148
1119,119.614000,25236,147
1120,119.723733,25614,148
1121,119.833450,25467,147
1122,119.942900,25784,148
1123,120.052633,25521,148
1124,120.162083,25709,148
1125,120.271800,25766,148
1126,120.381267,25431,148
1127,120.490983,25761,148
1128,120.600450,25487,148
1129,120.709917,25696,148
1130,120.819367,25221,147
1131,120.928833,25577,148
1132,121.038033,25517,148
1133,121.147483,25557,148
1134,121.256950,25785,148
1135,121.366417,25726,148
1136,121.475867,26169,149
1137,121.585333,25492,148
1138,121.694533,25506,148
1139,121.803467,26092,149
1140,121.912933,25304,147
1141,122.022383,25578,148
1142,122.132117,25627,148
1143,122.241833,25948,148
1144,122.351033,25622,149
1145,122.460483,25678,153
1146,122.570217,25498,147
1147,122.679417,25919,149
1148,122.788867,25319,148
1149,122.898600,25902,149
1150,123.008050,26027,149
1151,123.117767,25593,148
1152,123.227500,25174,147
1153,123.336700,25743,148
1154,123.445900,25516,148
1155,123.555617,25328,147
1156,123.664817,25720,148
1157,123.774267,25772,148
1158,123.884000,25405,147
1159,123.993450,25529,148
1160,124.103167,25647,148
1161,124.212633,25194,147
1162,124.321833,25376,148
1163,124.431300,25315,147
1164,124.541017,25732,148
1165,124.650733,25366,148
1166,124.759933,25292,147
1167,124.869650,25265,147
1168,124.979383,25527,148
1169,125.088833,25559,148
1170,125.198550,25610,148
1171,125.307750,24717,146
1172,125.417217,24960,147
1173,125.526933,24810,147
1174,125.636650,26137,149
1175,125.746633,25558,148
1176,125.856350,25866,148
1177,125.965817,25861,148
1178,126.075283,25756,148
1179,126.184733,25424,148
1180,126.294467,25169,147
1181,126.404183,25103,147
1182,126.513383,25078,147
1183,126.622833,25482,148
1184,126.732567,25733,148
1185,126.841500,25489,148
1186,126.951217,25875,149
1187,127.060683,25767,148
1188,127.170133,25890,149
1189,127.279600,26072,149
1190,127.389317,25427,148
1191,127.498783,25388,148
1192,127.608233,24967,147
1193,127.717700,25746,148
1194,127.827167,26220,149
1195,127.936617,25716,148
1196,128.045817,25641,148
1197,128.155533,25112,147
1198,128.265000,25459,148
1199,128.374717,25155,147
1200,128.484700,25746,148
1201,128.593900,25523,148
1202,128.703367,25735,149
1203,128.813083,25237,148
1204,128.922800,25717,149
1205,129.032267,25574,148
1206,129.141717,25664,148
1207,129.251183,25393,148
1208,129.360900,25317,148
1209,129.470367,25401,148
1210,129.579567,25333,148
1211,129.689017,25869,149
1212,129.798217,25732,148
1213,129.907683,25386,148
1214,130.016617,25710,148
1215,130.126350,25723,149
1216,130.235800,25499,148
1217,130.345267,25692,148
1218,130.454733,25491,148
1219,130.563933,25612,148
1220,130.673133,25781,148
1221,130.782333,25830,148
1222,130.892050,25897,149
1223,131.001500,25245,148
1224,131.111483,25300,148
1225,131.220950,25652,148
1226,131.330400,25793,149
1227,131.439867,25927,149
1228,131.549067,25701,148
1229,131.658533,25195,148
1230,131.767983,25513,148
1231,131.877183,25979,149
1232,131.986917,25359,148
1233,132.096633,25827,148
1234,132.207133,25417,148
1235,132.316583,25393,148
1236,132.426317,25528,148
1237,132.535767,25284,148
1238,132.645233,25332,148
1239,132.754950,25882,149
1240,132.864667,25436,148
1241,132.974133,26029,149
1242,133.083850,25391,148
1243,133.193567,25218,148
1244,133.303283,25353,148
1245,133.412750,25381,148
1246,133.522217,25756,148
1247,133.631933,25197,148
1248,133.741383,25966,149
1249,133.851117,25547,148
1250,133.960833,25496,148
1251,134.070550,25761,149
1252,134.180267,25327,148
1253,134.289733,24985,147
1254,134.399200,25722,149
1255,134.508400,26366,150
1256,134.617850,25688,149
1257,134.727567,25614,148
1258,134.837033,25471,148
1259,134.946750,23546,145
1260,135.056217,25518,148
1261,135.165667,25761,149
1262,135.275133,24684,147
1263,135.384850,25427,148
1264,135.493800,25511,148
1265,135.603000,25564,148
1266,135.712717,25694,149
1267,135.822183,24718,147
1268,135.931900,25787,149
1269,136.041350,25342,148
1270,136.150817,25448,148
1271,136.260283,24897,147
1272,136.370000,25575,148
1273,136.479717,25777,149
1274,136.589433,25924,149
1275,136.698900,25464,148
1276,136.808350,25296,148
1277,136.917817,25673,149
1278,137.027283,25308,148
1279,137.137000,25745,149
1280,137.246200,25442,148
1281,137.355650,25619,149
1282,137.465383,25617,148
1283,137.574833,24964,147
1284,137.685083,25805,149
1285,137.794533,25399,148
1286,137.904267,24952,148
1287,138.013717,25122,148
1288,138.123433,24379,147
1289,138.232900,25150,148
1290,138.342100,25429,148
1291,138.451567,25367,148
1292,138.561533,25932,149
1293,138.671000,25536,149
1294,138.780467,24985,148
1295,138.889917,25552,148
1296,138.999383,25584,149
1297,139.108833,25503,148
1298,139.218567,25965,149
1299,139.328283,25462,148
1300,139.437733,25333,148
1301,139.547467,25419,148
1302,139.656917,25320,148
1303,139.766117,25456,148
1304,139.875583,25042,148
1305,139.985300,24709,147
1306,140.095017,25877,149
1307,140.204217,25142,148
1308,140.313950,25868,149
1309,140.423667,25574,149
1310,140.533383,25589,149
1311,140.642850,25356,148
1312,140.752567,25410,148
1313,140.862017,25562,149
1314,140.971483,24925,148
1315,141.081200,25558,149
1316,141.190667,25415,148
1317,141.300383,25389,149
1318,141.410100,25801,149
1319,141.519300,24847,147
1320,141.628767,25584,149
1321,141.738233,25572,149
1322,141.847683,25084,148
1323,141.956883,25402,149
1324,142.066350,25043,148
1325,142.175550,25063,148
1326,142.285000,25526,149
1327,142.394733,25595,148
1328,142.504450,25421,148
1329,142.613900,25383,148
1330,142.723367,25658,149
1331,142.832567,25588,149
1332,142.942033,25500,149
1333,143.051750,25122,148
1334,143.161200,25504,148
1335,143.270933,25322,148
1336,143.380383,24955,148
1337,143.489583,25265,148
1338,143.599050,25074,148
1339,143.708517,24851,147
1340,143.817967,25994,149
1341,143.927433,25662,149
1342,144.037150,25542,149
1343,144.146350,25692,149
1344,144.255817,25029,148
1345,144.365533,25651,149
1346,144.474467,26142,150
1347,144.584183,25106,148
1348,144.693917,25475,149
1349,144.803633,25651,149
1350,144.913083,24747,147
1351,145.022817,25570,149
1352,145.132533,25226,148
1353,145.241983,25319,148
1354,145.352233,25585,149
1355,145.461950,25309,148
1356,145.571667,24349,147
1357,145.680867,25459,149
1358,145.790333,25223,148
1359,145.900050,25419,149
1360,146.009517,25481,149
1361,146.118967,24665,147
1362,146.228700,24935,148
1363,146.338150,25159,148
1364,146.447617,24976,148
1365,146.557600,25210,148
1366,146.667317,25065,148
1367,146.776517,25337,148
1368,146.886233,25973,150
1369,146.995950,25631,149
1370,147.105417,25135,148
1371,147.214883,24651,147
1372,147.324333,25333,148
1373,147.433800,25689,149
1374,147.543517,25090,149
1375,147.652983,25206,148
1376,147.762433,25028,148
1377,147.872150,25349,149
1378,147.981883,24994,148
1379,148.091333,24525,148
1380,148.201050,25496,149
1381,148.310517,25647,149
1382,148.420233,25594,149
1384,148.638900,25855,150
1385,148.748350,25691,150
1386,148.857817,24541,147
1387,148.967283,25942,150
1388,149.076733,25134,149
1389,149.186200,25232,149
1390,149.295400,25131,149
1391,149.405117,24494,148
1392,149.514317,25730,149
1393,149.623517,25126,148
1394,149.733233,25324,149
1395,149.842700,25189,148
1396,149.952417,24318,147
1397,150.061883,24342,147
1398,150.171083,25521,149
1399,150.280800,25555,149
1400,150.390517,25482,149
1401,150.500233,24927,148
1402,150.609700,24881,148
1403,150.719167,25299,149
1404,150.828617,24950,148
1405,150.938333,25361,149
1406,151.048067,25960,150
1407,151.157783,25254,149
1408,151.267250,25308,148
1409,151.376700,25393,149
1410,151.486417,25044,148
1411,151.595883,25494,149
1412,151.705350,25500,149
1413,151.815067,24803,148
1415,152.033983,25314,149
1416,152.143700,25164,149
1417,152.253417,25057,148
1418,152.362883,24799,148
1419,152.472350,25448,149
1420,152.582067,25765,150
1421,152.691517,25069,149
1422,152.801250,25035,149
1423,152.910967,25425,149
1424,153.020433,24878,148
1425,153.129633,25588,149
1426,153.239350,24860,148
1427,153.348550,24935,148
1428,153.458267,25016,149
1429,153.567733,25445,149
1430,153.676933,25084,149
1431,153.786383,25094,149
1432,153.895850,25599,150
1433,154.005300,25357,149
1434,154.114500,25060,149
1435,154.224233,25133,149
1436,154.333683,25601,150
1437,154.443400,24933,148
1438,154.552867,25644,150
1439,154.662067,25355,149
1440,154.771533,25474,149
1441,154.880983,25175,149
1442,154.990183,25100,148
1443,155.099650,25506,150
1444,155.209367,24806,148
1445,155.318567,25506,149
1446,155.428033,25644,150
1447,155.537750,25166,149
1448,155.647217,24953,149
1449,155.756667,25397,149
1450,155.866383,24737,148
1451,155.976117,22554,145
1452,156.085567,25396,149
1453,156.195033,24902,149
1454,156.304483,25595,150
1455,156.413950,25777,150
1456,156.523667,25403,149
1457,156.633917,25216,149
1458,156.743117,25486,150
1459,156.852567,25544,149
1460,156.962300,25048,148
1461,157.071500,25716,150
1462,157.180950,24933,149
1463,157.290417,25019,149
1464,157.399617,23941,147
1465,157.509333,24840,148
1466,157.619050,25090,149
1467,157.728767,18274,142
1468,157.837967,25553,150
1469,157.947700,25669,150
1470,158.057417,25552,149
1471,158.166867,25063,149
1472,158.276333,25006,149
1473,158.386050,24773,148
1474,158.495250,24729,148
1475,158.604717,25428,150
1476,158.714433,25373,149
1477,158.823900,24764,148
1478,158.933350,24907,152
1479,159.042817,25622,153
1480,159.152283,24585,148
1481,159.261733,25101,149
1482,159.370933,25447,150
1483,159.480400,25147,149
1484,159.590117,24728,148
1485,159.699583,25020,154
1486,159.808783,25183,153
1487,159.918500,24234,148
1488,160.028217,25003,149
1489,160.137933,24797,148
1490,160.247133,24678,148
1491,160.356850,25176,149
1492,160.466317,25343,149
1493,160.575783,25007,148
1494,160.685233,25079,148
1495,160.794967,25567,149
1496,160.904417,24431,147
1497,161.013883,25247,148
1498,161.123333,25469,149
1499,161.232533,25207,149
1500,161.342267,24844,148
1501,161.451983,25235,148
1502,161.561433,24911,148
1503,161.670900,24730,148
1504,161.780617,24372,147
1505,161.890083,24860,148
1506,161.999533,25334,149
1507,162.109000,25239,148
1508,162.218200,25736,149
1509,162.327400,24730,148
1510,162.437117,26094,150
1511,162.546850,25428,149
1512,162.656567,25562,149
1513,162.766283,23756,147
1514,162.875750,25513,149
1515,162.985467,25306,149
1516,163.094917,25010,148
1517,163.204383,25183,149
1518,163.313850,25197,149
1519,163.423300,25076,148
1520,163.532767,24975,148
1521,163.641967,25302,149
1522,163.751167,24176,147
1523,163.860883,24433,147
1524,163.970350,25974,150
1525,164.080067,24808,148
1526,164.189517,24068,147
1527,164.298983,24177,147
1528,164.408450,24978,148
1529,164.518167,25097,148
1530,164.627633,25600,149
1531,164.737350,25365,149
1532,164.846800,25358,149
1533,164.956267,24695,148
1534,165.065733,24833,148
1535,165.175450,24979,148
1536,165.285167,25409,149
1537,165.394633,25073,148
1538,165.504350,24923,148
1539,165.614067,25294,148
1540,165.723267,25253,149
1541,165.832733,25318,149
1542,165.942450,24847,148
1543,166.051650,24404,147
1544,166.161633,24659,148
1545,166.271083,24885,148
1546,166.380283,24457,147
1547,166.490017,24744,148
1548,166.599733,25175,149
1549,166.709450,24833,148
1550,166.818650,24509,147
1551,166.928367,24951,148
1552,167.037833,25262,149
1553,167.147033,24885,148
1554,167.256483,25116,148
1555,167.366217,24649,148
1556,167.475417,25069,149
1557,167.584867,25928,150
1558,167.694583,25616,149
1559,167.804050,24830,148
1560,167.913517,25214,149
1561,168.023233,24863,148
1562,168.132950,25176,148
1563,168.242417,24344,147
1564,168.352133,24862,148
1565,168.462117,25592,149
1566,168.571567,25029,148
1567,168.681033,25650,149
1568,168.790750,25803,153
1569,168.900217,25707,153
1570,169.009933,24748,148
1571,169.119400,24393,147
1572,169.228850,25189,149
1573,169.338567,25490,149
1574,169.448300,25898,150
1575,169.558017,25824,150
1576,169.667467,25900,150
1577,169.777200,24705,148
1578,169.886650,24186,147
1579,169.995850,25141,149
1580,170.105050,25339,149
1581,170.214783,25112,149
1582,170.324233,24591,148
1583,170.433950,24414,147
1584,170.543417,24875,148
1585,170.652883,24932,148
1586,170.762333,24185,147
1587,170.871800,25126,149
1588,170.981517,24901,151
1589,171.091233,23982,148
1590,171.200950,25245,153
1591,171.310683,25586,149
1592,171.420133,25555,153
1593,171.529850,24801,148
1594,171.639317,24902,148
1595,171.748783,25212,149
1596,171.858500,24999,149
1597,171.968217,25088,148
1598,172.077933,25109,149
1599,172.187133,24726,149
1600,172.296867,24905,152
1601,172.406583,24725,148
1602,172.516300,24426,147
1603,172.626017,26152,150
1604,172.735483,24829,148
1605,172.844933,24802,148
1606,172.954400,24780,148
1607,173.063867,24952,148
1608,173.173317,24888,150
1609,173.282517,24299,150
1610,173.392233,24472,149
1611,173.501700,25071,151
1612,173.611167,24992,152
1613,173.720883,24495,150
1614,173.830600,24316,150
1615,173.940067,24807,150
1616,174.049783,25329,152
1617,174.159250,25099,148
1618,174.268967,24251,147
1619,174.378417,24966,149
1620,174.487883,24134,147
1621,174.597350,25040,148
1622,174.707067,24939,148
1623,174.816517,24800,148
1624,174.925717,24668,148
1625,175.035183,24994,149
1626,175.144900,25803,150
1627,175.254367,24556,148
1628,175.363817,25162,149
1629,175.473550,24954,148
1630,175.583267,25017,149
1631,175.692983,24388,147
1632,175.802450,24181,147
1633,175.912167,24404,148
1634,176.021633,24338,148
1635,176.131083,24427,148
1636,176.240283,23919,147
1637,176.349750,25097,149
1638,176.459200,24552,148
1639,176.568667,24265,147
1640,176.678133,25223,149
1641,176.787850,24043,147
1642,176.897300,24453,148
1643,177.006500,23747,147
1644,177.115967,23279,146
1645,177.225950,23654,147
1646,177.335667,24158,147
1647,177.445383,23496,146
1648,177.554850,24819,148
1649,177.664567,24031,147
1650,177.774033,25593,150
1651,177.883233,24003,147
1652,177.992950,24802,149
1653,178.102417,25239,149
1654,178.211867,24504,148
1655,178.321333,24374,148
1656,178.430783,25098,149
1657,178.540250,25596,150
1658,178.649717,25317,149
1659,178.758917,25548,150
1660,178.868633,25037,149
1661,178.978350,24780,148
1662,179.087817,24957,149
1663,179.197533,24587,148
1664,179.306983,24108,147
1665,179.416717,25100,149
1666,179.525917,23576,146
1667,179.635633,24518,148
1668,179.745350,24544,148
1669,179.854817,23779,147
1670,179.964533,24501,148
1671,180.074250,24255,147
1672,180.183717,24293,148
1673,180.292917,25290,149
1674,180.402367,24186,147
1675,180.511833,25139,149
1676,180.621550,24957,149
1677,180.731267,25313,149
1678,180.840467,25444,150
1679,180.949933,24845,149
1680,181.059650,24832,149
1681,181.169367,24640,148
1682,181.278833,25049,149
1683,181.388300,24977,149
1684,181.498017,24629,148
1685,181.607483,24822,149
1686,181.716933,25417,150
1687,181.826400,23854,147
1688,181.935600,25139,149
1689,182.045050,24365,148
1690,182.154783,24695,148
1691,182.263983,24509,148
1692,182.373433,25168,149
1693,182.483150,25207,149
1694,182.592883,23529,146
1695,182.702600,24277,148
1696,182.812050,24582,148
1697,182.921250,25490,150
1698,183.030983,25168,149
1699,183.140433,25134,149
1700,183.249900,25335,150
1701,183.359367,25588,150
1702,183.469083,24870,149
1703,183.578800,24564,148
1704,183.688267,24696,148
1705,183.797983,24650,148
1706,183.907700,24454,148
1707,184.017167,24588,148
1708,184.126883,25001,149
1709,184.236333,23962,147
1710,184.346067,24363,148
1711,184.455517,24305,148
1712,184.565233,25286,149
1713,184.674700,24863,149
1714,184.784417,24819,149
1715,184.893883,24586,148
1716,185.003333,25122,149
1717,185.112800,23249,146
1718,185.222267,24852,149
1719,185.331983,24050,148
1720,185.441450,24396,148
1721,185.550900,25062,149
1722,185.660617,25126,149
1723,185.769567,25878,150
1724,185.878767,24030,147
1725,185.988217,23625,147
1726,186.097683,24740,149
1727,186.207400,24488,148
1728,186.316867,24267,148
1729,186.426317,24142,148
1730,186.535783,24596,148
1731,186.645500,26036,151
1732,186.754967,24562,149
1733,186.864417,25114,149
1734,186.974150,24983,149
1735,187.083867,24106,148
1736,187.193333,24600,148
1737,187.303050,24486,149
1738,187.412500,25001,149
1739,187.522233,23801,147
1740,187.631433,24527,148
1741,187.740883,24693,149
1742,187.850350,25571,150
1743,187.960067,25487,150
1744,188.069783,24587,149
1745,188.178983,25106,149
1746,188.288183,24855,149
1747,188.397900,25178,149
1748,188.506850,24177,148
1749,188.616300,25447,150
1750,188.726033,24170,148
1751,188.835483,25112,150
1752,188.945217,23424,147
1753,189.054933,25082,149
1754,189.164133,24536,148
1755,189.273850,24706,149
1756,189.383567,23930,147
1757,189.493283,23889,147
1758,189.602483,25507,150
1759,189.712467,24410,148
1760,189.822183,24480,148
1761,189.931650,24381,148
1762,190.041117,24626,149
1763,190.150833,24775,151
1764,190.260033,25126,150
1765,190.369483,24216,148
1766,190.478950,24427,148
1767,190.588417,24470,148
1768,190.698133,25510,153
1769,190.807333,14033,137
1770,190.917050,16392,138
1771,191.026250,25145,150
1772,191.135967,24296,148
1773,191.245167,25151,150
1774,191.354900,22391,145
1775,191.464100,22949,146
1776,191.574067,22481,145
1777,191.683800,23705,147
1778,191.793000,24305,148
1779,191.902717,23367,146
1780,192.011917,23423,146
1781,192.121633,23145,146
1782,192.231350,24244,148
1783,192.340817,23987,147
1784,192.450017,23272,146
1785,192.559733,23115,146
1786,192.668933,23409,146
1787,192.778400,24043,147
1788,192.887850,24110,148
1789,192.997317,23675,147
1790,193.106783,23705,147
1791,193.216233,23598,146
1792,193.325700,24445,148
1793,193.435150,25082,149
1794,193.544883,24200,147
1795,193.654333,24256,148
1796,193.763800,24521,148
1797,193.873517,24775,149
1798,193.982983,24136,147
1799,194.092433,23855,147
1800,194.202150,23937,147
1801,194.311883,23338,146
1802,194.421333,24183,148
1803,194.531050,23347,146
1804,194.640517,24823,149
1805,194.749983,24557,148
1806,194.859433,24626,148
1807,194.969167,25281,149
1808,195.078617,23623,147
1809,195.188083,24683,149
1810,195.297800,24079,148
1811,195.407267,23634,147
1812,195.516717,25362,150
1813,195.626433,24495,148
1814,195.736167,23756,147
1815,195.845617,23220,146
1816,195.955083,23745,147
1817,196.064533,24052,147
1818,196.174000,24838,149
1819,196.283467,24413,148
1820,196.393183,24464,148
1821,196.502383,23800,147
1822,196.611850,24911,149
1823,196.721300,24118,147
1824,196.830500,23956,147
1825,196.939967,24029,147
1826,197.049683,24954,149
1827,197.159150,24494,148
1828,197.268867,24003,147
1829,197.378583,24837,149
1830,197.488050,25433,150
1831,197.597500,24788,148
1832,197.707217,24222,148
1833,197.816683,24120,147
1834,197.926150,24046,147
1835,198.035600,24800,149
1836,198.145067,24433,148
1837,198.254517,24443,148
1838,198.363983,23754,147
1839,198.473183,24390,148
1840,198.582650,25741,150
1841,198.692367,24285,148
1842,198.801567,24972,149
1843,198.911033,23387,146
1844,199.020483,24353,148
1845,199.129950,23937,148
1846,199.239667,24202,148
1847,199.349133,24017,147
1848,199.458333,23662,147
1849,199.567783,24898,149
1850,199.677500,24046,147
1851,199.786700,24974,149
1852,199.896433,24774,149
1853,200.005883,23917,147
1854,200.115600,23210,146
1855,200.225067,23432,146
1856,200.334783,24273,148
1857,200.444517,25082,149
1858,200.553717,23772,147
1859,200.663433,23670,147
1860,200.773150,23752,147
1861,200.882617,23478,146
1862,200.992067,24161,148
1863,201.101533,23991,148
1864,201.210983,24878,149
1865,201.320450,23997,147
1866,201.429917,24414,148
1867,201.539367,23342,146
1868,201.648833,24152,148
1869,201.758550,25181,149
1870,201.868267,24275,148
1871,201.977467,23921,147
1872,202.086667,24175,148
1873,202.196133,23629,147
1874,202.305850,23396,147
1875,202.415567,24649,148
1876,202.525300,24802,149
1877,202.634750,24749,149
1878,202.744217,22629,145
1879,202.853933,23143,146
1880,202.963400,23833,147
1881,203.072850,24077,147
1882,203.182567,24661,148
1883,203.292033,23415,147
1884,203.401500,23298,146
1885,203.510950,25242,150
1886,203.620417,23805,147
1887,203.730133,24130,148
1888,203.839850,24321,148
1889,203.949317,23516,147
1890,204.058250,23683,147
1891,204.167983,24296,148
1892,204.276917,23172,148
1893,204.386117,24419,150
1894,204.495833,23821,149
1895,204.605300,23852,148
1896,204.714500,24329,148
1897,204.823950,23717,147
1898,204.933417,22732,145
1899,205.042883,23521,147
1900,205.152333,24655,149
1901,205.261800,24502,149
1902,205.371250,24774,149
1903,205.480450,24021,148
1904,205.589917,24716,149
1905,205.699633,23959,148
1906,205.809350,21756,144
1907,205.918817,23803,147
1908,206.028283,24453,148
1909,206.137733,23122,146
1910,206.247200,22545,146
1911,206.356667,23071,146
1912,206.466383,23244,146
1913,206.576100,24083,148
1914,206.685817,22870,146
1915,206.795533,24838,149
1916,206.905267,24539,149
1917,207.014467,24318,148
1918,207.123917,24100,148
1919,207.233633,24920,149
1920,207.343617,23421,147
1921,207.452817,23443,146
1922,207.562283,24579,149
1923,207.671217,22921,145
1924,207.780683,24090,148
1925,207.890400,23800,147
1926,207.999867,24455,148
1927,208.109317,24675,148
1928,208.219050,23929,147
1929,208.328767,24098,147
1930,208.438217,24762,149
1931,208.547683,24052,148
1932,208.657150,24115,148
1933,208.766600,23293,146
1934,208.876067,23956,148
1935,208.985517,24511,148
1936,209.094717,23916,147
1937,209.204450,24016,148
1938,209.314167,23533,147
1939,209.423883,23710,147
1940,209.533350,24039,147
1941,209.643067,24387,148
1942,209.752517,25083,149
1943,209.861983,25111,149
1944,209.971450,23478,146
1945,210.080900,24426,148
1946,210.190367,24914,149
1947,210.299833,23035,146
1948,210.409033,24274,148
1949,210.518483,23964,148
1950,210.628200,23693,147
1951,210.737400,24412,148
1952,210.847133,23510,147
1953,210.956583,23616,147
1954,211.066567,23869,147
1955,211.176033,24155,148
1956,211.285483,24228,148
1957,211.395200,23326,146
1958,211.504667,23776,147
1959,211.614383,23323,146
1960,211.723850,24293,148
1961,211.833050,24525,149
1962,211.942767,23580,147
1963,212.052483,23303,146
1964,212.161950,23508,147
1965,212.271417,22627,145
1966,212.380867,22717,145
1967,212.490333,23232,146
1968,212.600567,23667,147
1969,212.710283,23450,147
1970,212.820017,23006,146
1971,212.929217,23990,148
1972,213.038933,22968,146
1973,213.148383,24599,149
1974,213.257850,23666,147
1975,213.367317,24074,148
1976,213.476767,23947,148
1977,213.585967,23225,146
1978,213.695433,23707,147
1979,213.805150,23494,147
1980,213.914867,23976,148
1981,214.024600,24022,147
1982,214.134050,24591,148
1983,214.243767,24135,148
1984,214.352967,24582,149
1985,214.462700,23939,147
1986,214.572417,23677,147
1987,214.681867,24424,148
1988,214.791333,24843,149
1989,214.901050,23963,148
1990,215.010767,23624,147
1991,215.119967,24819,149
1992,215.229433,23819,147
1993,215.339150,24373,148
1994,215.448617,24064,147
1995,215.558333,23554,147
1996,215.668050,24160,148
1997,215.777517,23749,147
1998,215.886983,24571,148
1999,215.996700,23418,147
2000,216.105900,24051,148
2001,216.215350,23800,147
2002,216.325083,24339,148
2003,216.434533,23741,147
2004,216.543733,22878,146
2005,216.653450,23712,147
2006,216.762650,24292,148
2007,216.872383,24649,149
2008,216.981833,23193,146
2009,217.091817,23471,147
2010,217.201283,23116,146
2011,217.310733,22434,145
2012,217.420200,23579,146
2013,217.529667,24204,148
2014,217.639117,23931,147
2015,217.748583,24536,148
2016,217.858033,22732,145
2017,217.967233,24093,148
2018,218.076700,24348,148
2019,218.186167,24187,148
2020,218.295617,23739,147
2021,218.405083,24169,148
2022,218.514533,25127,149
2023,218.623733,24243,148
2024,218.732933,23899,147
2025,218.842400,23231,147
2026,218.951600,24473,149
2027,219.243317,23424,147
2028,219.352517,23322,146
2029,219.461717,23004,146
2030,219.570917,23097,146
2031,219.679867,24175,148
2032,219.789067,24258,148
2033,219.898517,23803,147
2034,220.008250,23650,147
2035,220.117450,24363,148
2036,220.227167,23866,147
2037,220.336617,22566,145
2038,220.445817,22782,145
2039,220.555283,23748,147
2040,220.664750,23049,146
2041,220.773950,23488,147
2042,220.883400,24457,148
2043,220.993117,23569,147
2044,221.102317,23765,147
2045,221.211783,23574,147
2046,221.321500,23223,146
2047,221.430967,23937,147
2048,221.540683,23544,147
2049,221.650150,23752,147
2050,221.759350,24030,147
2051,221.868800,23608,147
2052,221.978533,23723,147
2053,222.087733,23725,147
2054,222.197450,24262,148
2055,222.307167,23747,147
2056,222.416883,23680,147
2057,222.526350,23587,147
2058,222.636067,22741,146
2059,222.745783,23482,147
2060,222.855250,24145,148
2061,222.964967,23059,146
2062,223.074683,22779,146
2063,223.184417,23511,147
2064,223.293867,24426,148
2065,223.403333,24476,148
2066,223.512267,24276,148
2067,223.621733,23380,147
2068,223.731183,24319,148
2069,223.840650,23806,147
2070,223.950117,24320,148
2071,224.059833,25146,150
2072,224.169033,23260,147
2073,224.278750,23928,147
2074,224.388467,23711,147
2075,224.498183,24012,148
2076,224.607650,24259,148
2077,224.717367,23285,147
2078,224.827083,25256,150
2079,224.936550,23847,148
2080,225.046017,24827,149
2081,225.155467,23957,148
2082,225.264933,23512,147
2083,225.374400,23475,147
2084,225.484117,24242,148
2085,225.593833,23616,147
2086,225.703300,24900,149
2087,225.812750,23112,146
2088,225.922217,23833,147
2089,226.031417,23954,148
2090,226.140867,24029,148
2091,226.250600,23656,147
2092,226.360050,25109,150
2093,226.469517,24077,148
2094,226.578967,23821,148
2095,226.688433,23817,147
2096,226.797900,23483,147
2097,226.907617,24769,149
2098,227.017333,23709,148
2099,227.126800,23604,147
2100,227.236517,25302,150
2101,227.345717,24311,148
2102,227.454917,24007,148
2103,227.564383,23583,147
2104,227.673583,23705,147
2105,227.783033,23818,148
2106,227.892500,22481,145
2107,228.001950,22980,146
2108,228.111417,23231,146
2109,228.221133,23902,147
2110,228.330600,23713,147
2111,228.440317,24633,149
2112,228.549783,23634,147
2113,228.658983,23424,147
2114,228.768433,25017,149
2115,228.878417,22823,146
2116,228.988133,22845,146
2117,229.097600,23014,146
2118,229.207317,22743,146
2119,229.317033,23911,147
2120,229.426233,23112,146
2121,229.535700,23446,147
2122,229.645417,24168,148
2123,229.754883,24739,149
2124,229.864083,22891,146
2125,229.973800,23778,147
2126,230.083000,23894,147
2127,230.192467,23840,147
2128,230.301917,22412,145
2129,230.411117,22457,145
2130,230.520583,24366,148
2131,230.630033,23478,147
2132,230.739500,24380,148
2133,230.848967,23237,146
2134,230.957900,23527,147
2135,231.067367,22955,146
2136,231.176817,25123,150
2137,231.286017,23593,147
2138,231.395483,22716,145
2139,231.504950,23359,146
2140,231.614400,23722,147
2141,231.723350,23304,146
2142,231.832283,22766,145
2143,231.941750,23707,147
2144,232.051467,24366,148
2145,232.160400,23279,147
2146,232.269867,25560,150
2147,232.379317,23339,146
2148,232.488783,23793,147
2149,232.597983,24228,148
2150,232.707450,22282,145
2151,232.816900,22953,146
2152,232.926367,23900,148
2153,233.035833,24435,148
2154,233.145283,23354,147
2155,233.254750,23600,147
2156,233.364467,23860,147
2157,233.473933,23189,146
2158,233.583383,24847,149
2159,233.692850,24576,149
2160,233.802050,23429,147
2161,233.911500,22728,146
2162,234.021233,22448,145
2163,234.130433,22581,145
2164,234.240150,23307,146
2165,234.349867,23673,147
2166,234.459067,23253,146
2167,234.568533,23260,146
2168,234.677983,23496,147
2169,234.787183,23366,146
2170,234.896383,24362,148
2171,235.006117,23419,146
2172,235.115567,22927,146
2173,235.225033,23482,147
2174,235.334750,22910,146
2175,235.444217,23778,147
2176,235.553667,23187,146
2177,235.663383,22973,146
2178,235.773367,23005,146
2179,235.882833,21338,143
2180,235.992550,24133,148
2181,236.102267,23207,146
2182,236.211733,22403,145
2183,236.320933,22746,146
2184,236.430400,24147,147
2185,236.539850,23229,146
2186,236.649317,23992,148
2187,236.759033,23839,147
2188,236.868500,23808,147
2189,236.977950,23384,147
2190,237.087150,22877,147
2191,237.196617,23054,146
2192,237.306333,23312,149
2193,237.416050,22978,148
2194,237.525767,23508,147
2195,237.635500,23200,146
2196,237.744950,23001,146
2197,237.854667,22929,146
2198,237.964133,22891,146
2199,238.073850,23315,147
2200,238.183317,22769,146
2201,238.293300,23181,146
2202,238.402750,23585,147
2203,238.512217,24390,148
2204,238.621933,24485,148
2205,238.731133,23745,147
2206,238.840850,23366,147
2207,238.950050,23050,146
2208,239.059517,22675,145
2209,239.168983,22302,145
2210,239.278433,16370,137
2211,239.387633,724,117
2212,239.497350,1213,120
2213,239.607083,23014,146
2214,239.716533,23074,146
2215,239.826000,22429,145
2216,239.935450,24343,148
2217,240.044650,22858,145
2218,240.153867,23365,146
2219,240.263583,22807,146
2220,240.372517,21912,144
2221,240.481983,22455,145
2222,240.591183,22309,145
2223,240.700900,21608,143
2224,240.810367,21585,144
2225,240.920083,21226,143
2226,241.029283,23436,146
2227,241.139000,23119,146
2228,241.248717,22963,146
2229,241.358183,22957,146
2230,241.467900,23381,147
2231,241.577367,22970,146
2232,241.686567,23838,147
2233,241.796017,23465,146
2234,241.905733,24021,147
2235,242.015200,23646,147
2236,242.124400,22874,146
2237,242.234117,24157,148
2238,242.343317,23066,146
2239,242.453050,23193,146
2240,242.562500,23729,147
2241,242.671967,23234,146
2242,242.781417,22985,146
2243,242.890883,22947,146
2244,243.000350,22143,144
2245,243.109800,23465,146
2246,243.219267,23687,147
2247,243.328717,23259,146
2248,243.438450,22747,146
2249,243.548417,22413,145
2250,243.658150,21911,144
2251,243.767867,23104,146
2252,243.877317,24612,149
2253,243.986533,22967,147
2254,244.096250,23671,148
2255,244.205967,22793,146
2256,244.315683,23829,148
2257,244.424883,22511,146
2258,244.534083,22582,146
2259,244.643800,23210,146
2260,244.752750,22546,145
2261,244.862200,24004,148
2262,244.971667,22365,145
2263,245.081133,23748,147
2264,245.190850,24167,148
2265,245.300567,22845,146
2266,245.409767,23723,147
2267,245.519233,23703,147
2268,245.628950,22679,145
2269,245.738400,22848,146
2270,245.847617,23158,146
2271,245.957333,22912,146
2272,246.066783,23090,146
2273,246.176250,23248,146
2274,246.285967,22204,145
2275,246.395683,23819,147
2276,246.505150,22963,146
2277,246.614867,23474,147
2278,246.724333,22857,146
2279,246.833783,23370,146
2280,246.942983,24195,148
2281,247.052450,22690,145
2282,247.161917,22767,146
2283,247.271367,22333,145
2284,247.381083,23436,147
2285,247.490283,23199,146
2286,247.599750,24495,149
2287,247.709467,22425,145
2288,247.818667,21281,143
2289,247.928400,23019,146
2290,248.037850,24223,148
2291,248.147317,22422,145
2292,248.256517,23234,146
2293,248.366233,22827,146
2294,248.475700,22153,144
2295,248.585417,22191,144
2296,248.695133,22895,146
2297,248.804333,22450,145
2298,248.914050,22788,145
2299,249.023517,22999,146
2300,249.132717,23087,146
2301,249.242167,23826,147
2302,249.351633,22454,145
2303,249.461100,21398,143
2304,249.570550,22782,145
2305,249.680283,22120,144
2306,249.789483,23588,147
2307,249.898933,22867,146
2308,250.008650,21281,144
2309,250.118383,22681,146
2310,250.227583,22025,145
2311,250.337033,21903,144
2312,250.446750,23584,147
2313,250.555950,22321,145
2314,250.665417,23476,147
2315,250.775133,22692,146
2316,250.884600,21427,143
2317,250.994050,22123,144
2318,251.103783,22057,144
2319,251.213233,20318,141
2320,251.322950,23278,147
2321,251.432417,21822,144
2322,251.541883,22464,145
2323,251.651600,24030,148
2324,251.761317,22837,146
2325,251.870517,23413,147
2326,251.980233,22946,146
2327,252.089700,22962,146
2328,252.198900,22549,145
2329,252.308367,20479,142
2330,252.417817,22447,145
2331,252.527283,22675,145
2332,252.636733,22814,146
2333,252.745933,22828,146
2334,252.855400,22304,145
2335,252.964867,22867,146
2336,253.074583,22968,146
2337,253.184033,23007,146
2338,253.293500,22100,144
2339,253.402967,21973,144
2340,253.512417,21826,144
2341,253.621883,22943,146
2342,253.731600,23787,147
2343,253.841317,23886,148
2344,253.950783,23379,147
2345,254.060500,23064,146
2346,254.170217,21987,144
2347,254.279683,21864,144
2348,254.389150,22559,145
2349,254.498867,22806,146
2350,254.608067,22441,145
2351,254.717517,23335,147
2352,254.827250,22549,145
2353,254.936450,23173,146
2354,255.045900,22668,145
2355,255.155617,22607,145
2356,255.265350,24763,149
2357,255.374800,23420,147
2358,255.484533,22508,145
2359,255.593983,22804,146
2360,255.703183,21580,143
2361,255.812383,23558,147
2362,255.922100,22925,146
2363,256.031567,22399,145
2364,256.141033,22103,144
2365,256.250483,23379,146
2366,256.359950,23264,146
2367,256.469400,22956,146
2368,256.579133,22671,145
2369,256.688850,21455,143
2370,256.798300,22941,146
2371,256.908033,22134,144
2372,257.017483,22073,144
2373,257.127200,22257,144
2374,257.236933,22906,145
2375,257.346650,22711,145
2376,257.455850,23321,146
2377,257.565567,21896,144
2378,257.675033,22439,144
2379,257.784233,22228,144
2380,257.893683,21876,144
2381,258.003150,22703,147
2382,258.112617,22201,146
2383,258.222333,22327,146
2384,258.332050,22659,146
2385,258.442550,21838,145
2386,258.552017,21492,144
2387,258.661733,22390,146
2388,258.771450,22763,147
2389,258.880917,21751,145
2390,258.990633,22661,147
2391,259.100350,21701,145
2392,259.209300,21805,145
2393,259.318750,23552,148
2394,259.428467,22147,146
2395,259.538200,21839,145
2396,259.647917,21021,144
2397,259.757367,22980,147
2398,259.866833,21798,145
2399,259.976550,24379,149
2400,260.086267,22669,147
2401,260.196000,23267,148
2402,260.305717,21869,145
2403,260.415433,21874,145
2404,260.524900,20382,143
2405,260.634617,23005,147
2406,260.744067,23039,147
2407,260.853267,21745,145
2408,260.963000,21689,143
2409,261.072450,23816,147
2410,261.181917,21528,143
2411,261.291117,21690,144
2412,261.400583,22975,147
2413,261.510033,23676,148
2414,261.619500,23062,147
2415,261.728950,21312,144
2416,261.838683,22704,146
2417,261.948133,22055,145
2418,262.057333,21122,143
2419,262.167050,21139,143
2420,262.276783,21968,145
2421,262.385983,21434,144
2422,262.495433,21906,145
2423,262.604900,22676,146
2424,262.715133,20850,143
2425,262.824600,22535,146
2426,262.934317,22520,146
2427,263.043783,22804,146
2428,263.152983,22128,145
2429,263.262433,21689,144
2430,263.371900,21892,145
2431,263.481367,20618,142
2432,263.590817,21311,144
2433,263.700533,22901,146
2434,263.809733,21715,144
2435,263.919467,22469,146
2436,264.028667,21681,144
2437,264.138117,22365,146
2438,264.247317,21648,144
2439,264.357033,22048,145
2440,264.466500,23266,147
2441,264.575967,22267,145
2442,264.685417,21230,144
2443,264.794617,23178,147
2444,264.904350,22082,145
2445,265.013800,21236,144
2446,265.123000,21729,144
2447,265.232717,22476,146
2448,265.342450,23008,147
2449,265.451900,21801,145
2450,265.561367,23168,147
2451,265.671083,21066,143
2452,265.780550,21787,145
2453,265.889750,21901,145
2454,265.999467,22300,145
2455,266.108917,22213,145
2456,266.218383,21676,144
2457,266.328100,22238,146
2458,266.437817,21702,144
2459,266.547283,21198,144
2460,266.657000,22008,145
2461,266.766733,22055,145
2462,266.875933,22628,146
2463,266.985383,22897,147
2464,267.095100,22048,145
2465,267.205350,21758,144
2466,267.314800,21823,145
2467,267.424533,21729,145
2468,267.534250,22333,146
2469,267.643700,22171,146
2470,267.752900,21781,145
2471,267.862633,21804,145
2472,267.972083,22650,146
2473,268.081800,21217,143
2474,268.191533,21074,143
2475,268.301250,22353,145
2476,268.410700,23034,146
2477,268.520433,23142,147
2478,268.630150,21767,145
2479,268.739617,22073,145
2480,268.849333,22425,146
2481,268.959050,19334,140
2482,269.068767,22383,146
2483,269.178233,21220,144
2484,269.287433,21602,144
2485,269.397150,20653,143
2486,269.506350,21530,144
2487,269.616067,21395,144
2488,269.725533,21826,145
2489,269.834983,21978,145
2490,269.944450,21025,143
2491,270.053917,22946,147
2492,270.163367,21774,145
2493,270.272833,21793,144
2494,270.382550,20681,142
2495,270.492017,22105,144
2496,270.601467,21964,144
2497,270.711200,23407,147
2498,270.820650,22579,145
2499,270.930117,22026,144
2500,271.039833,21933,145
2501,271.149817,22230,146
2502,271.259267,22723,145
2503,271.368733,22240,145
2504,271.478450,22346,145
2505,271.587650,21971,145
2506,271.697367,22678,146
2507,271.807100,21557,143
2508,271.917067,22287,145
2509,272.026533,20949,143
2510,272.136250,22038,145
2511,272.245967,22117,145
2512,272.355433,21782,144
2513,272.465150,21956,145
2514,272.574617,21307,143
2515,272.684083,21537,144
2516,272.793800,21869,145
2517,272.903250,21392,143
2518,273.012983,21081,143
2519,273.122433,21587,144
2520,273.231900,21567,144
2521,273.341617,21004,143
2522,273.451083,22547,145
2523,273.560800,21807,144
2524,273.670250,22680,146
2525,273.779717,21714,144
2527,273.998633,20503,143
2528,274.108100,22319,146
2529,274.218083,21987,144
2530,274.327800,21926,145
2531,274.437517,21467,144
2532,274.546983,21143,145
2533,274.656433,22191,146
2534,274.766167,19821,141
2535,274.875617,20603,143
2536,274.985083,21015,142
2537,275.094800,21104,143
2538,275.204267,20708,142
2539,275.313717,19595,140
2540,275.423433,19558,140
2541,275.532633,20468,141
2542,275.642100,20084,140
2543,275.751817,20534,142
2544,275.861017,18731,139
2545,275.970483,19702,140
2546,276.079933,20377,142
2547,276.189400,19174,140
2548,276.298867,19467,140
2549,276.408317,18922,139
2550,276.517517,18578,138
2551,276.626717,20400,141
2552,276.736183,19426,139
2553,276.845650,19202,139
2554,276.955367,19428,139
2555,277.065083,18650,138
2556,277.174550,18246,137
2557,277.284000,19538,139
2558,277.393717,18139,137
2559,277.502917,18573,138
2560,277.612383,17830,136
2561,277.722100,17866,136
2562,277.831817,16791,134
2563,277.941550,16927,134
2564,278.051000,18723,138
2565,278.160733,18597,137
2566,278.270183,17582,136
2567,278.379650,16751,134
2568,278.489367,16935,134
2569,278.598300,17502,135
2570,278.708033,16016,132
2571,278.817750,16914,134
2572,278.927467,16985,134
2573,279.036667,16474,133
2574,279.146133,16456,133
2575,279.255850,16499,132
2576,279.365050,17168,134
2577,279.474767,15955,132
2578,279.584233,15919,132
2579,279.693433,15049,131
2580,279.802883,15448,131
2581,279.912600,16263,133
2582,280.021817,14934,130
2583,280.131533,15124,130
2584,280.240983,15673,132
2585,280.350450,15843,132
2586,280.460433,14914,130
2587,280.569883,15022,130
2588,280.679350,15254,131
2589,280.788817,15142,130
2590,280.898017,16657,134
2591,281.007467,15851,132
2592,281.116933,15544,131
2593,281.227167,13925,130
2594,281.336367,15455,133
2595,281.445833,15361,133
2596,281.555033,15138,132
2597,281.664233,15457,133
2598,281.773683,15633,133
2599,281.883150,14728,131
2600,281.992617,14672,131
2601,282.102067,14462,131
2602,282.211017,14569,131
