#file number,time from start,flux,flux error
27,0.000000,14630,126
28,0.109717,14479,127
29,0.219183,14542,127
30,0.328650,14677,126
31,0.438100,14386,126
32,0.547567,14503,127
33,0.657017,14391,129
34,0.766217,14514,128
35,0.875417,14431,127
36,0.984367,14767,128
37,1.094083,14704,125
38,1.203033,14244,124
39,1.311700,14807,125
40,1.420650,14478,124
42,1.638533,14685,125
43,1.747200,13990,123
44,1.856400,14409,124
45,1.965600,14659,125
46,2.075067,14638,125
47,2.184000,14967,125
48,2.293467,14475,124
49,2.402933,14591,125
50,2.512133,14562,124
51,2.621850,14425,124
52,2.731300,14517,124
53,2.840767,14330,124
54,2.950233,14585,124
55,3.059950,14652,124
56,3.169150,14833,125
57,3.278617,14363,124
58,3.388333,14774,125
59,3.497783,14646,125
60,3.607517,14701,125
61,3.716967,14504,124
62,3.826167,14675,125
100,7.989567,14728,125
101,8.098767,14341,124
102,8.208483,15063,126
103,8.317950,14691,125
104,8.427417,14708,125
105,8.536617,14867,125
106,8.645550,14513,124
107,8.754500,14657,125
108,8.863433,15235,129
109,8.972367,14612,126
110,9.082350,15081,125
111,9.191550,14937,125
112,9.300750,14720,125
113,9.410217,14561,124
114,9.519417,14880,125
115,9.628867,14947,125
116,9.738600,14573,124
117,9.848317,15032,125
118,9.957000,14766,125
119,10.066967,14950,125
120,10.176950,14580,125
121,10.286417,14500,124
122,10.396133,14670,125
123,10.505067,14979,125
124,10.614533,14666,124
125,10.724250,14837,125
126,10.833717,15040,125
127,10.943433,14742,124
128,11.053150,14984,125
129,11.162883,14809,125
130,11.272600,14935,125
131,11.382050,14579,124
132,11.491517,15147,126
133,11.600983,14156,123
134,11.710433,15178,126
135,11.819900,14851,125
136,11.929350,14600,125
137,12.038817,14637,124
138,12.148533,14644,125
139,12.257733,14653,125
140,12.367200,14661,125
141,12.476917,14569,125
142,12.586383,14642,125
143,12.695833,14686,125
144,12.805567,14254,124
145,12.915017,14478,126
146,13.024217,15442,128
147,13.133683,14881,125
148,13.242883,14835,127
149,13.352333,14870,128
150,13.462067,14861,128
151,13.571267,15003,128
152,13.680983,15018,127
153,13.790433,14698,126
154,13.900683,14633,126
155,14.010400,14440,126
156,14.119600,14385,125
157,14.229317,14911,126
158,14.338783,14571,126
159,14.448500,14711,126
160,14.557967,14618,126
161,14.667167,14576,126
162,14.776617,14609,125
163,14.886350,14792,125
164,14.996067,14642,125
165,15.105517,14592,124
166,15.215250,14692,125
167,15.324700,14773,125
168,15.433900,14967,125
169,15.543367,15206,126
170,15.652817,14696,125
171,15.762283,14578,124
172,15.871750,14474,124
173,15.981200,14522,124
174,16.090667,14614,124
175,16.200383,14464,124
176,16.310100,14462,124
177,16.419300,12517,120
178,16.529033,14738,125
179,16.638233,14508,124
180,16.747683,15186,126
181,16.857400,14861,125
182,16.967650,14781,125
183,17.077100,14702,125
190,17.843850,14596,124
194,18.281683,14858,125
195,18.390633,14770,125
196,18.499567,15033,126
197,18.608767,14962,126
198,18.717967,14776,125
199,18.827167,14580,125
200,18.936117,15254,126
201,19.045050,14379,125
202,19.154767,14889,126
203,19.264233,14455,125
204,19.373433,14717,125
205,19.482883,14917,126
206,19.592350,14505,125
207,19.702067,14709,125
208,19.811533,14480,125
209,19.920733,14638,125
210,20.030200,15068,126
211,20.139650,14371,125
212,20.248850,14925,126
213,20.358317,14514,125
214,20.467767,14326,124
215,20.577233,14811,125
216,20.686700,14632,125
217,20.796150,14799,125
218,20.905617,14613,125
219,21.014817,14569,125
220,21.124267,14562,125
221,21.233467,14729,125
222,21.343200,15093,126
223,21.452650,14551,125
224,21.561850,14697,125
225,21.671317,14896,125
226,21.781033,15011,126
227,21.890500,14903,125
228,22.000217,14881,125
229,22.109933,15117,125
230,22.219400,14952,126
231,22.328850,14818,125
232,22.438317,14779,125
233,22.547517,15000,126
234,22.656983,14608,125
235,22.766700,14945,125
236,22.876150,14775,125
237,22.985883,14521,125
238,23.095333,14858,125
239,23.204800,14736,125
240,23.314000,14899,125
241,23.423717,14336,124
242,23.532917,15068,126
243,23.642383,14627,125
244,23.751833,15137,126
245,23.861300,14888,125
246,23.970767,14551,125
247,24.079967,15013,125
248,24.189167,14899,125
249,24.298617,14407,124
250,24.408083,14759,125
251,24.517283,14949,125
252,24.627000,14624,125
253,24.736467,14738,125
254,24.845667,14782,125
255,24.955117,14813,128
256,25.064583,14238,124
257,25.174033,14763,124
258,25.283500,14276,123
259,25.393217,14814,125
260,25.502683,14697,125
261,25.612133,14772,125
262,25.721867,14414,124
263,25.831067,14656,124
264,25.940517,14556,124
265,26.050250,14631,124
266,26.159183,14774,125
267,26.268650,14675,125
268,26.378367,14704,125
269,26.487567,14889,125
270,26.597283,14647,125
271,26.707000,14738,126
272,26.816200,14668,126
273,26.925667,14732,128
274,27.035383,14969,128
275,27.144583,14620,127
276,27.254300,14800,126
277,27.363767,14851,126
278,27.472967,14368,126
279,27.582417,14935,127
280,27.692150,14657,126
281,27.801350,14913,127
282,27.911067,14614,126
283,28.020783,14646,127
284,28.130250,14506,126
285,28.239967,14816,127
286,28.349433,14557,127
287,28.458633,14685,128
288,28.568083,15124,129
289,28.677283,14857,128
290,28.786483,14472,128
291,28.895950,14767,128
292,29.005667,14827,128
293,29.115133,14825,128
294,29.224850,14689,128
295,29.334567,15103,129
296,29.444283,14967,128
297,29.553483,14977,127
298,29.662950,15230,128
299,29.772667,14685,127
300,29.881867,14696,127
301,29.991333,14855,127
302,30.101050,14963,128
303,30.210767,15028,127
304,30.320233,15033,128
305,30.429950,15077,126
306,30.539417,14535,125
307,30.648617,14852,125
308,30.758333,14840,125
309,30.867783,14777,125
310,30.977250,14810,125
311,31.086450,14654,125
312,31.195917,15013,126
313,31.305367,14677,125
314,31.414833,14962,125
315,31.523767,14734,125
316,31.632450,14904,125
317,31.741650,14669,125
318,31.851367,14697,125
319,31.961100,14789,125
320,32.070550,15322,126
321,32.180017,14817,125
322,32.289733,14953,125
323,32.399717,14490,125
324,32.509433,14524,125
325,32.618900,14665,125
326,32.728350,14692,125
327,32.837817,14959,126
328,32.947267,14621,125
329,33.057000,14736,125
330,33.166450,14771,125
331,33.275917,14543,125
332,33.385117,14943,126
333,33.494583,14826,125
334,33.603783,14846,125
335,33.713233,14500,124
336,33.822183,14634,125
337,33.931117,14841,125
338,34.040317,14560,125
339,34.149783,14527,125
340,34.259500,14911,125
341,34.368950,14734,125
342,34.478150,14590,125
343,34.587617,15023,126
344,34.697083,14981,126
345,34.806800,15335,126
346,34.916517,14495,125
347,35.025717,14873,125
348,35.135183,14608,125
349,35.244633,14601,125
350,35.353833,14900,125
351,35.463300,14825,125
352,35.572767,15117,126
353,35.681967,14256,124
354,35.791417,14940,125
355,35.900883,14279,124
356,36.010333,14828,125
357,36.119800,14947,125
358,36.229517,14734,125
359,36.338717,14783,125
360,36.448433,14883,126
361,36.558167,14847,125
362,36.668133,14838,125
363,36.777333,14830,125
364,36.887067,14751,125
365,36.996783,14742,125
366,37.106250,15103,126
367,37.215700,14923,125
368,37.325417,14759,125
369,37.434617,14417,124
370,37.544083,14715,124
371,37.653800,14782,124
372,37.763267,14440,123
373,37.872717,14611,124
374,37.982450,14944,125
375,38.091900,14537,125
376,38.201367,14467,125
377,38.311083,14951,126
378,38.420283,14824,125
379,38.530000,14473,125
380,38.639467,14703,125
381,38.749183,14832,126
382,38.858650,14357,125
383,38.968367,14418,125
384,39.078083,14573,125
385,39.187550,15037,126
386,39.297267,14675,125
387,39.406983,14862,126
388,39.516700,14717,126
389,39.625900,14993,126
390,39.735633,14909,126
391,39.845083,14759,125
392,39.954283,14894,126
393,40.064000,14570,125
394,40.173467,14553,125
395,40.282933,14704,126
396,40.392383,14663,125
397,40.502100,15047,126
398,40.611567,14831,126
399,40.721283,14523,125
400,40.830750,14943,126
401,40.940217,14535,125
402,41.049667,14697,125
403,41.159383,14637,125
404,41.268583,14681,125
405,41.378050,14836,126
406,41.487517,14728,125
407,41.596967,15034,126
408,41.706433,14967,126
409,41.816150,14790,126
410,41.925617,14476,125
411,42.035067,14921,126
412,42.144533,14488,125
413,42.253467,14674,125
414,42.363183,14211,124
415,42.472917,14662,125
416,42.582367,14818,125
417,42.691833,14691,125
418,42.801550,14980,126
419,42.911267,14939,126
420,43.020467,14995,126
421,43.130200,14745,126
422,43.239917,14622,125
423,43.349367,15219,126
424,43.459100,14808,126
425,43.568300,14551,125
426,43.677750,14428,125
427,43.787217,14691,126
428,43.896667,14637,126
429,44.006133,14571,125
430,44.115333,14984,126
431,44.225050,14932,126
432,44.334250,14666,126
433,44.443967,15028,126
434,44.553700,14952,126
435,44.663150,14829,126
436,44.772617,14449,125
437,44.882333,14660,125
438,44.991800,14695,126
439,45.101517,14996,126
440,45.210983,14511,125
441,45.320700,14427,125
442,45.430150,14386,125
443,45.539883,14373,125
444,45.649600,14861,126
445,45.759050,14811,126
446,45.868517,14904,126
447,45.978233,15045,126
448,46.087950,14923,126
449,46.197417,14701,126
450,46.307133,14676,126
451,46.416850,14681,126
452,46.526050,14813,126
453,46.635517,14967,126
454,46.745233,15272,127
455,46.854700,14738,126
456,46.964167,14229,125
457,47.073617,14667,126
458,47.183083,15158,127
459,47.292533,14710,126
460,47.402000,15100,126
461,47.511200,15230,127
462,47.620917,14373,125
463,47.730383,15054,127
464,47.839833,15171,127
465,47.949300,14874,126
466,48.058767,14945,126
467,48.167967,14801,125
468,48.277683,14625,125
469,48.387133,14916,126
470,48.496600,15080,126
471,48.606317,14951,126
472,48.715783,14954,126
473,48.824983,14694,125
474,48.934700,14839,126
475,49.043900,14933,126
476,49.153367,14524,125
477,49.262817,15132,127
478,49.372800,14922,126
479,49.482517,14599,126
480,49.591717,14855,126
481,49.701450,14312,125
482,49.810900,15272,127
483,49.920100,14782,126
484,50.029817,15313,127
485,50.139800,15102,127
486,50.249267,14862,126
487,50.358983,14341,125
488,50.468450,14665,126
489,50.577650,15035,127
490,50.687100,15003,127
491,50.796567,14650,126
492,50.906033,14599,126
493,51.015483,14970,126
494,51.124950,14753,126
495,51.234150,15040,127
496,51.343867,14762,126
497,51.453333,14539,126
498,51.562783,14453,125
499,51.672500,14687,126
500,51.781967,14991,127
501,51.891433,14339,125
502,52.000633,14499,126
503,52.110350,14579,126
504,52.219550,14456,125
505,52.328750,14475,126
506,52.438467,14410,125
507,52.547667,14302,125
508,52.656867,14760,126
509,52.766333,14615,125
510,52.876050,14396,125
511,52.985767,14827,125
512,53.095483,14428,125
513,53.205217,15020,126
514,53.314417,14613,125
515,53.424133,14684,125
516,53.533583,14759,125
517,53.643050,14769,125
518,53.752767,14341,125
519,53.862483,14179,124
520,53.971950,14685,125
521,54.081417,14331,125
522,54.190867,15223,127
523,54.300333,14538,125
524,54.410050,14963,126
525,54.519517,14518,125
526,54.628967,14519,125
527,54.738433,15106,126
528,54.848150,14519,125
529,54.957867,15065,127
530,55.067067,14821,126
531,55.176800,15030,126
532,55.286250,14421,125
533,55.395967,14286,125
534,55.505433,14748,125
535,55.615150,15065,127
536,55.724350,14306,125
537,55.834067,14769,126
538,55.943800,14317,125
539,56.053250,14731,126
540,56.162983,14529,125
541,56.272433,15419,127
542,56.382150,15095,127
543,56.491617,14899,126
544,56.601333,14463,125
545,56.711050,14967,126
546,56.820783,14869,126
547,56.930500,14387,126
548,57.039950,14516,126
549,57.149683,14705,126
550,57.259133,14506,126
551,57.368850,14605,125
552,57.478583,15010,126
553,57.588033,14672,126
554,57.697233,14914,126
555,57.806700,14889,127
556,57.916417,11845,120
557,58.025883,14561,126
558,58.135600,14826,126
559,58.245067,14498,126
560,58.354517,14647,126
561,58.463983,14424,125
562,58.573433,14513,126
563,58.682633,14746,126
564,58.792367,14742,126
565,58.901567,14740,126
566,59.011017,14749,126
567,59.120733,14891,127
568,59.229933,14766,126
569,59.339400,14475,126
570,59.449117,14866,127
571,59.558583,14545,126
572,59.668033,14724,126
573,59.777767,14652,126
574,59.886967,14761,126
575,59.996417,14518,126
576,60.105883,14353,126
577,60.215600,14742,127
578,60.325067,14352,126
579,60.434267,14642,127
580,60.543467,14892,127
581,60.652667,14923,127
582,60.762117,14581,126
583,60.871583,8920,114
584,60.980783,14859,127
585,61.089983,10664,118
586,61.199450,14281,127
587,61.308650,14717,132
588,61.418367,14379,131
589,61.527817,14528,126
590,61.637550,14873,127
591,61.747267,14617,126
592,61.856733,14499,126
593,61.965933,14596,127
594,62.075133,14799,127
595,62.184583,14333,126
596,62.293533,14429,126
597,62.402983,14611,127
598,62.512450,13922,125
599,62.621650,14623,127
600,62.731367,14249,126
601,62.840300,14382,126
602,62.948983,14599,126
603,63.057933,14566,126
604,63.166600,14824,127
605,63.275550,14695,126
606,63.385000,14755,127
607,63.494200,14696,127
608,63.603150,14516,126
609,63.712350,14621,126
610,63.821550,14701,127
611,63.930483,14351,126
612,64.039433,14455,126
613,64.149417,14768,127
614,64.258350,14279,126
615,64.367283,14713,127
616,64.476750,14522,126
617,64.586217,14875,126
618,64.695417,14673,126
619,64.804617,14818,127
620,64.914067,14298,127
621,65.023783,14884,128
622,65.132983,14460,128
623,65.241933,14293,127
624,65.351650,14885,127
625,65.460850,14697,128
626,65.569800,14522,126
627,65.678733,14609,126
628,65.788200,14607,125
629,65.897650,14575,125
630,66.007117,14791,126
631,66.116567,14458,126
632,66.226300,14195,125
633,66.336017,10287,120
634,66.445733,14243,129
635,66.555450,14526,134
636,66.665167,13741,126
637,66.774367,14060,134
638,66.883833,14611,132
639,66.993300,14026,130
640,67.102750,14765,127
641,67.212467,14374,126
642,67.321933,14806,127
643,67.431400,14824,127
644,67.540850,14748,126
645,67.650583,14598,126
646,67.759783,14868,127
647,67.869500,14500,125
648,67.978950,14339,125
649,68.088683,14666,126
650,68.198133,14455,126
651,68.307850,8657,114
652,68.417050,14503,126
653,68.526517,14793,127
654,68.636233,14469,130
655,68.745950,14982,127
656,68.855150,14504,126
657,68.964617,14967,127
658,69.074333,14696,126
659,69.183533,14681,126
660,69.293250,14779,126
661,69.402983,14742,127
662,69.512183,14493,126
663,69.621633,14603,126
664,69.731100,14786,126
665,69.840300,14660,126
666,69.949767,14895,127
667,70.059483,14960,127
668,70.168933,14619,127
669,70.278400,14793,127
670,70.388117,14935,127
671,70.497317,14692,126
672,70.607033,14704,127
673,70.716500,14468,126
674,70.826217,14483,126
675,70.935417,14148,126
676,71.044883,14445,126
677,71.154600,14787,127
678,71.264067,14298,126
679,71.373783,14534,126
680,71.483500,14709,126
681,71.592967,14622,126
682,71.702167,14825,127
683,71.811883,14566,126
684,71.921350,14460,126
685,72.031067,14696,127
686,72.140783,14839,127
687,72.250500,14668,127
688,72.359967,14377,127
689,72.469417,14682,127
690,72.579150,14348,127
691,72.688600,14465,127
692,72.798067,14802,128
693,72.907783,14736,127
694,73.017250,14656,127
695,73.126450,14448,127
696,73.236167,14719,127
697,73.345633,14721,127
698,73.455083,14601,127
699,73.564800,14811,127
700,73.674783,14517,127
701,73.783983,14578,127
702,73.893450,14528,127
703,74.003167,14898,128
704,74.112100,14639,127
705,74.221300,14695,127
706,74.330767,14679,127
707,74.439967,14517,127
708,74.549167,14694,127
709,74.658367,14637,127
710,74.767567,14382,127
711,74.876767,14364,127
712,74.985967,14791,128
713,75.095167,14324,127
714,75.204633,14693,127
715,75.313833,14700,128
716,75.423550,14419,127
717,75.533017,14646,127
718,75.642733,14701,127
719,75.752183,14708,127
720,75.861650,14629,127
721,75.970850,14562,127
722,76.080567,14203,126
723,76.190033,14828,128
724,76.299483,14597,127
725,76.409217,14573,127
726,76.518667,14761,127
727,76.628383,14413,127
728,76.738117,14664,127
729,76.847833,14081,126
730,76.957033,14276,127
731,77.066500,14180,126
732,77.176217,14366,127
733,77.285933,14415,127
734,77.395400,14736,127
735,77.505117,14777,127
736,77.614567,14580,127
737,77.724300,14364,127
738,77.834017,14720,128
739,77.943467,14480,127
740,78.052933,14390,127
741,78.162400,14237,127
742,78.272117,14272,127
743,78.381567,14312,127
744,78.490767,14302,127
745,78.600500,14053,126
746,78.709950,14202,127
747,78.819667,14261,127
748,78.929133,14586,127
749,79.038600,14290,127
750,79.148317,14396,127
751,79.258033,14429,127
752,79.367750,14507,127
753,79.477217,14698,128
754,79.586933,14689,128
755,79.696650,14425,127
756,79.806117,14587,128
757,79.915583,14126,127
758,80.025033,13235,125
759,80.134500,14290,127
760,80.243950,13863,126
761,80.353417,14501,127
762,80.462883,14358,127
763,80.572333,13997,126
764,80.682050,14095,126
765,80.791517,14551,127
766,80.900983,14479,127
767,81.010433,14009,126
768,81.119900,14492,127
769,81.229367,8249,114
770,81.339083,15031,128
771,81.448800,14912,128
772,81.558267,14738,128
773,81.667983,14225,127
774,81.777433,14780,128
775,81.886900,14437,127
776,81.996100,14459,127
777,82.105817,14303,127
778,82.215283,14316,127
779,82.324733,14509,127
780,82.434467,14980,128
781,82.543917,14599,128
782,82.653383,14594,128
783,82.763100,14637,128
784,82.872567,15082,129
785,82.982017,14606,128
786,83.091483,14307,127
787,83.200950,14565,128
788,83.310667,14172,127
789,83.420383,14402,127
790,83.530100,14690,128
791,83.639817,14391,128
792,83.749283,14223,127
793,83.859267,12616,126
794,83.968983,14212,127
795,84.078183,13962,127
796,84.187383,14295,127
797,84.296850,14439,128
798,84.406300,14412,127
799,84.516017,14468,128
800,84.625483,14651,128
801,84.734950,8802,116
802,84.844400,14405,128
803,84.953867,14721,128
804,85.063067,14721,128
805,85.172783,14434,128
806,85.282250,14584,128
807,85.391450,14285,128
808,85.501167,14719,129
809,85.610883,14613,128
810,85.720083,14952,129
811,85.829800,14281,127
812,85.939533,14627,128
813,86.048983,14451,128
814,86.158450,14561,128
815,86.267900,14415,128
816,86.377367,14295,128
817,86.486833,14433,128
818,86.596550,14582,128
819,86.706017,14524,128
820,86.815467,14925,129
821,86.924933,14485,128
822,87.034383,14523,128
823,87.143583,14315,128
824,87.253317,14493,128
825,87.362250,14761,129
826,87.471717,14616,128
827,87.581167,14286,128
828,87.690367,14426,128
829,87.799833,14478,128
830,87.908767,14184,127
831,88.017717,14489,128
832,88.127433,14501,128
833,88.236883,14576,128
834,88.346350,14807,129
835,88.456600,14435,128
836,88.566567,14791,129
837,88.676300,14265,128
838,88.785500,14417,128
839,88.895217,14948,129
840,89.004667,14962,129
841,89.114133,14655,129
842,89.223850,14351,128
843,89.333567,14782,129
844,89.443300,14235,127
845,89.552750,14372,127
846,89.662467,14771,127
847,89.771933,14656,127
848,89.881400,14652,127
849,89.991117,14772,128
850,90.100050,14532,127
851,90.209767,14382,127
852,90.319233,14380,127
853,90.428700,14669,128
854,90.538417,14577,127
855,90.647883,14338,127
856,90.757333,14345,127
857,90.867050,14394,127
858,90.976517,14396,127
859,91.085717,14448,127
860,91.195433,14881,128
861,91.305150,14277,127
862,91.414883,14637,127
863,91.524083,14645,127
864,91.633800,14483,127
865,91.743517,14561,127
866,91.852983,14687,127
867,91.962433,14419,127
868,92.071900,14605,127
869,92.181367,14745,128
870,92.291083,14440,127
871,92.400800,13969,126
872,92.510517,14501,127
873,92.619983,14686,128
874,92.729700,14844,128
875,92.839417,14769,128
876,92.948883,14695,127
877,93.057817,14468,128
878,93.167283,14405,127
879,93.276733,14642,128
880,93.386200,14447,127
881,93.495917,14721,128
882,93.605383,14485,127
883,93.714833,14546,127
884,93.824567,14789,128
885,93.933767,14625,128
886,94.044000,14827,128
887,94.153467,14561,128
888,94.263183,14613,127
889,94.372900,14445,127
890,94.482100,14485,127
891,94.591817,14671,128
892,94.701283,14823,128
893,94.810750,14487,127
894,94.920467,14651,128
895,95.029917,14329,127
896,95.139117,14143,127
897,95.248850,14525,127
898,95.358050,14658,128
899,95.467250,14408,127
900,95.576967,14724,128
901,95.686417,14584,127
902,95.795883,14094,127
903,95.905350,14599,128
904,96.014550,14514,127
905,96.124533,14373,127
906,96.234250,14512,127
907,96.343967,14826,128
908,96.453950,14466,127
909,96.563400,14666,127
910,96.672867,14464,127
911,96.782333,14397,127
912,96.891783,14306,127
913,97.001500,14675,127
914,97.110700,14579,127
915,97.220167,14532,127
916,97.329633,14080,126
917,97.439083,14111,126
918,97.548800,14323,126
919,97.658533,14468,127
920,97.768250,14618,127
921,97.877717,14276,127
922,97.987433,14455,127
923,98.097150,14281,127
924,98.206617,14435,127
925,98.316333,14133,126
926,98.426050,14533,127
927,98.535767,15030,128
928,98.645233,14780,128
929,98.754950,14353,127
930,98.864667,14687,128
931,98.974133,14385,127
932,99.083850,14504,128
933,99.193567,14566,127
934,99.303283,14024,126
935,99.412483,14575,128
936,99.522217,14524,127
937,99.631667,14383,127
938,99.741133,14312,127
939,99.850600,14395,127
940,99.960317,14511,127
941,100.069767,14560,127
942,100.179500,14804,128
943,100.288950,14564,128
944,100.398150,14555,128
945,100.507867,14811,128
946,100.617600,14480,127
947,100.727050,14407,127
948,100.836517,14663,127
949,100.945967,14560,127
950,101.055700,14145,126
951,101.165150,14520,127
952,101.274867,14087,126
953,101.384600,14716,127
954,101.494317,14459,127
955,101.603783,14380,127
956,101.713233,14985,128
957,101.822433,14706,128
958,101.931633,14380,127
959,102.041350,14496,127
960,102.150817,14480,127
961,102.260533,14314,127
962,102.370000,14664,127
963,102.479450,14654,127
964,102.588917,14675,127
965,102.698633,14517,127
966,102.808350,14459,127
967,102.917550,14244,127
968,103.027283,14371,127
969,103.136733,14489,127
970,103.245933,14506,127
971,103.355650,14387,127
972,103.465900,14336,127
1000,106.533900,14561,127
1001,106.643367,14592,128
1002,106.752817,14696,128
1003,106.862550,14268,127
1004,106.972267,14576,127
1005,107.081983,13832,126
1006,107.191450,14152,127
1007,107.300650,14232,127
1008,107.410100,14846,128
1009,107.519300,14850,129
1010,107.628767,14334,127
1011,107.738483,14426,127
1012,107.847683,14639,128
1013,107.957400,14615,127
1014,108.067650,14610,128
1015,108.177367,14283,127
1016,108.286833,14385,127
1017,108.396550,14540,127
1018,108.506000,14534,127
1019,108.615467,14707,128
1020,108.724667,14740,127
1021,108.834133,14755,128
1022,108.943583,14387,127
1023,109.053050,14471,127
1024,109.161983,14577,127
1025,109.271450,14299,127
1026,109.380650,14423,127
1027,109.545750,14556,127
1028,109.654683,14673,128
1029,109.764150,14508,127
1030,109.873350,14590,134
1031,109.982283,14417,136
1032,110.091750,14453,136
1033,110.200950,14517,138
1034,110.310667,14383,138
1035,110.420133,14819,136
1036,110.529583,14097,127
1037,110.639317,14492,127
1038,110.749033,14594,128
1039,110.858483,14438,127
1040,110.967950,14208,127
1041,111.077667,14758,128
1042,111.186867,14647,128
1043,111.296600,14823,128
1044,111.406050,14485,127
1045,111.515250,14326,127
1046,111.624717,14329,127
1047,111.734167,14752,128
1048,111.843633,14286,127
1049,111.953350,14319,127
1050,112.063067,14376,127
1051,112.172800,14662,128
1052,112.282250,14350,127
1053,112.391450,14477,127
1054,112.501167,14538,127
1055,112.610367,14413,127
1056,112.719833,14199,127
1057,112.829550,14228,127
1058,112.939017,14386,127
1059,113.048483,14256,127
1060,113.158200,14670,128
1061,113.267917,14719,128
1062,113.377633,14333,127
1063,113.486833,14415,127
1064,113.596550,14404,127
1065,113.706017,14612,128
1066,113.815483,14649,128
1067,113.924683,14175,127
1068,114.034133,14496,127
1069,114.143850,14542,128
1070,114.253317,14488,127
1071,114.363033,14874,128
1072,114.472500,14564,128
1073,114.582217,14614,128
1074,114.691683,14327,127
1075,114.801133,14333,127
1076,114.910600,14151,127
1077,115.019800,14654,128
1078,115.129267,13942,126
1079,115.238983,14693,128
1080,115.348433,14276,127
1081,115.458167,14442,128
1082,115.567883,14323,127
1083,115.677333,14455,127
1084,115.787067,14531,128
1085,115.896517,14571,128
1086,116.006500,14494,128
1087,116.115967,14250,127
1088,116.225683,14809,128
1089,116.335133,14131,127
1090,116.444333,14524,128
1091,116.553533,14361,127
1092,116.663267,14626,128
1093,116.772717,14522,127
1094,116.881917,14300,127
1095,116.991650,14594,128
1096,117.100850,14326,127
1097,117.210567,14513,127
1098,117.320017,14562,128
1099,117.429483,14200,127
1100,117.538683,14274,127
1101,117.648150,14282,127
1102,117.757600,14202,127
1103,117.866800,14508,128
1104,117.976000,14410,128
1105,118.085200,14632,128
1106,118.194667,14273,127
1107,118.303600,14477,128
1108,118.413067,14319,127
1109,118.522000,14393,128
1110,118.631200,14461,128
1111,118.740667,14631,128
1112,118.849867,14376,127
1113,118.959333,14183,127
1114,119.068267,14408,127
1115,119.177200,14236,127
1116,119.286150,14347,127
1117,119.395350,14118,127
1118,119.504800,14359,127
1119,119.614000,14217,127
1120,119.723733,14419,128
1121,119.833450,14847,128
1122,119.942900,14149,127
1123,120.052633,14407,128
1124,120.162083,14655,128
1125,120.271800,14277,127
1126,120.381267,14598,128
1127,120.490983,14164,127
1128,120.600450,14390,128
1129,120.709917,14368,128
1130,120.819367,14371,128
1131,120.928833,14503,128
1132,121.038033,14213,127
1133,121.147483,14445,128
1134,121.256950,14280,127
1135,121.366417,14097,127
1136,121.475867,14623,128
1137,121.585333,14695,129
1138,121.694533,14541,128
1139,121.803467,14396,128
1140,121.912933,14135,127
1141,122.022383,14819,129
1142,122.132117,14391,128
1143,122.241833,14382,128
1144,122.351033,14669,129
1145,122.460483,14528,134
1146,122.570217,14429,127
1147,122.679417,14477,128
1148,122.788867,14462,128
1149,122.898600,14353,128
1150,123.008050,14496,128
1151,123.117767,14931,129
1152,123.227500,14633,128
1153,123.336700,14309,127
1154,123.445900,14195,127
1155,123.555617,14451,128
1156,123.664817,14597,128
1157,123.774267,14700,128
1158,123.884000,14213,127
1159,123.993450,14400,128
1160,124.103167,14450,128
1161,124.212633,14287,127
1162,124.321833,14158,127
1163,124.431300,14508,128
1164,124.541017,14571,128
1165,124.650733,14307,128
1166,124.759933,14544,128
1167,124.869650,14439,128
1168,124.979383,14453,128
1169,125.088833,14661,128
1170,125.198550,14542,128
1171,125.307750,14576,128
1172,125.417217,14151,127
1173,125.526933,14494,128
1174,125.636650,14417,128
1175,125.746633,14551,128
1176,125.856350,14118,127
1177,125.965817,14430,128
1178,126.075283,14717,128
1179,126.184733,14648,128
1180,126.294467,14540,128
1181,126.404183,14121,127
1182,126.513383,14081,127
1183,126.622833,14503,128
1184,126.732567,14116,127
1185,126.841500,14310,128
1186,126.951217,14447,128
1187,127.060683,14618,128
1188,127.170133,14518,128
1189,127.279600,14336,128
1190,127.389317,14395,128
1191,127.498783,14400,128
1192,127.608233,14525,128
1193,127.717700,14280,128
1194,127.827167,14602,128
1195,127.936617,14312,127
1196,128.045817,14283,128
1197,128.155533,14202,127
1198,128.265000,14552,128
1199,128.374717,14407,128
1200,128.484700,14352,128
1201,128.593900,14110,127
1202,128.703367,14287,128
1203,128.813083,14697,129
1204,128.922800,14134,128
1205,129.032267,14617,128
1206,129.141717,14237,128
1207,129.251183,14329,128
1208,129.360900,14342,128
1209,129.470367,14684,129
1210,129.579567,14301,128
1211,129.689017,14115,127
1212,129.798217,14176,127
1213,129.907683,14110,127
1214,130.016617,14443,128
1215,130.126350,14288,128
1216,130.235800,14617,128
1217,130.345267,14482,128
1218,130.454733,14248,128
1219,130.563933,14376,128
1220,130.673133,14681,128
1221,130.782333,14331,128
1222,130.892050,14490,128
1223,131.001500,14408,128
1224,131.111483,14298,128
1225,131.220950,14804,129
1226,131.330400,14308,128
1227,131.439867,14265,128
1228,131.549067,14607,129
1229,131.658533,14375,128
1230,131.767983,14605,129
1231,131.877183,14614,128
1232,131.986917,14228,128
1233,132.096633,14401,128
1234,132.207133,14187,128
1235,132.316583,14287,128
1236,132.426317,14297,128
1237,132.535767,14348,128
1238,132.645233,14348,128
1239,132.754950,14254,128
1240,132.864667,14052,127
1241,132.974133,13728,127
1242,133.083850,14375,128
1243,133.193567,14020,127
1244,133.303283,14755,128
1245,133.412750,14300,128
1246,133.522217,14334,128
1247,133.631933,14429,128
1248,133.741383,14175,128
1249,133.851117,14633,129
1250,133.960833,14137,128
1251,134.070550,14574,129
1252,134.180267,14140,128
1253,134.289733,14375,128
1254,134.399200,14405,128
1255,134.508400,14413,128
1256,134.617850,14267,128
1257,134.727567,14025,128
1258,134.837033,14127,128
1259,134.946750,13567,127
1260,135.056217,14310,128
1261,135.165667,14830,129
1262,135.275133,14202,128
1263,135.384850,14210,128
1264,135.493800,14191,128
1265,135.603000,14477,128
1266,135.712717,14263,128
1267,135.822183,14501,128
1268,135.931900,14099,128
1269,136.041350,14429,129
1270,136.150817,14284,128
1271,136.260283,14332,128
1272,136.370000,14205,128
1273,136.479717,14472,129
1274,136.589433,14506,129
1275,136.698900,14373,128
1276,136.808350,14276,128
1277,136.917817,14416,129
1278,137.027283,14665,129
1279,137.137000,14291,128
1280,137.246200,14159,128
1281,137.355650,14311,128
1282,137.465383,13977,127
1283,137.574833,14377,128
1284,137.685083,14438,129
1285,137.794533,14339,128
1286,137.904267,14329,128
1287,138.013717,14308,128
1288,138.123433,13964,128
1289,138.232900,14050,127
1290,138.342100,14240,128
1291,138.451567,14259,128
1292,138.561533,14128,128
1293,138.671000,14253,128
1294,138.780467,14421,129
1295,138.889917,14080,128
1296,138.999383,14298,128
1297,139.108833,14484,129
1298,139.218567,14823,129
1299,139.328283,14481,129
1300,139.437733,14574,129
1301,139.547467,13813,127
1302,139.656917,14214,128
1303,139.766117,14152,128
1304,139.875583,14372,128
1305,139.985300,14251,128
1306,140.095017,14335,128
1307,140.204217,13982,128
1308,140.313950,14406,129
1309,140.423667,14322,128
1310,140.533383,14084,128
1311,140.642850,13913,128
1312,140.752567,14424,129
1313,140.862017,14290,128
1314,140.971483,14002,128
1315,141.081200,14447,129
1316,141.190667,14596,129
1317,141.300383,14274,128
1318,141.410100,14560,129
1319,141.519300,14646,129
1320,141.628767,13840,128
1321,141.738233,14417,129
1322,141.847683,14605,129
1323,141.956883,14217,128
1324,142.066350,14306,128
1325,142.175550,14341,129
1326,142.285000,14183,128
1327,142.394733,14306,128
1328,142.504450,14187,128
1329,142.613900,14411,129
1330,142.723367,14006,128
1331,142.832567,14307,129
1332,142.942033,14126,128
1333,143.051750,14205,128
1334,143.161200,14602,129
1335,143.270933,14249,128
1336,143.380383,14153,128
1337,143.489583,14588,129
1338,143.599050,14396,128
1339,143.708517,14307,128
1340,143.817967,14398,129
1341,143.927433,14378,129
1342,144.037150,14375,129
1343,144.146350,14474,129
1344,144.255817,14227,128
1345,144.365533,13890,128
1346,144.474467,14213,128
1347,144.584183,14320,128
1348,144.693917,14051,128
1349,144.803633,14425,129
1350,144.913083,13999,128
1351,145.022817,14455,129
1352,145.132533,14345,129
1353,145.241983,14413,129
1354,145.352233,14372,129
1355,145.461950,14238,128
1356,145.571667,14349,129
1357,145.680867,13901,128
1358,145.790333,14114,128
1359,145.900050,13898,128
1360,146.009517,14028,128
1361,146.118967,14209,129
1362,146.228700,14123,128
1363,146.338150,14190,129
1364,146.447617,14551,129
1365,146.557600,14327,129
1366,146.667317,14491,129
1367,146.776517,14496,129
1368,146.886233,14265,129
1369,146.995950,14373,129
1370,147.105417,14543,129
1371,147.214883,14164,129
1372,147.324333,14137,128
1373,147.433800,14439,129
1374,147.543517,14261,129
1375,147.652983,14547,129
1376,147.762433,14248,129
1377,147.872150,14265,129
1378,147.981883,14173,129
1379,148.091333,14455,129
1380,148.201050,14082,128
1381,148.310517,14182,129
1382,148.420233,14713,130
1384,148.638900,14065,128
1385,148.748350,14636,130
1386,148.857817,14209,129
1387,148.967283,14167,129
1388,149.076733,14126,129
1389,149.186200,14001,128
1390,149.295400,14245,129
1391,149.405117,14341,129
1392,149.514317,14430,129
1393,149.623517,14250,129
1394,149.733233,14488,129
1395,149.842700,14268,129
1396,149.952417,14212,128
1397,150.061883,14221,129
1398,150.171083,14056,129
1399,150.280800,14146,129
1400,150.390517,14105,129
1401,150.500233,14372,129
1402,150.609700,14283,129
1403,150.719167,14076,128
1404,150.828617,14125,128
1405,150.938333,14510,129
1406,151.048067,14358,129
1407,151.157783,14181,129
1408,151.267250,14384,129
1409,151.376700,14405,129
1410,151.486417,14235,129
1411,151.595883,14215,129
1412,151.705350,13783,128
1413,151.815067,14065,129
1415,152.033983,14182,129
1416,152.143700,14226,129
1417,152.253417,14218,129
1418,152.362883,14405,129
1419,152.472350,14077,129
1420,152.582067,13914,128
1421,152.691517,14338,129
1422,152.801250,14204,129
1423,152.910967,14243,129
1424,153.020433,13892,128
1425,153.129633,14066,129
1426,153.239350,14107,129
1427,153.348550,14194,129
1428,153.458267,14100,129
1429,153.567733,14345,129
1430,153.676933,14028,129
1431,153.786383,14301,129
1432,153.895850,14043,129
1433,154.005300,14290,129
1434,154.114500,14348,130
1435,154.224233,14292,129
1436,154.333683,14491,130
1437,154.443400,14481,130
1438,154.552867,13937,129
1439,154.662067,13993,129
1440,154.771533,13980,129
1441,154.880983,14221,129
1442,154.990183,14147,129
1443,155.099650,14459,130
1444,155.209367,14254,129
1445,155.318567,14555,130
1446,155.428033,14589,130
1447,155.537750,14526,130
1448,155.647217,14513,130
1449,155.756667,13940,129
1450,155.866383,14292,129
1451,155.976117,12723,127
1452,156.085567,14435,130
1453,156.195033,14260,129
1454,156.304483,14190,129
1455,156.413950,14345,130
1456,156.523667,14174,129
1457,156.633917,14081,129
1458,156.743117,14095,129
1459,156.852567,14817,130
1460,156.962300,14232,129
1461,157.071500,14321,129
1462,157.180950,13694,129
1463,157.290417,14269,130
1464,157.399617,13941,129
1465,157.509333,14662,130
1466,157.619050,14114,129
1467,157.728767,10119,126
1468,157.837967,13863,129
1469,157.947700,14518,130
1470,158.057417,14133,129
1471,158.166867,14091,129
1472,158.276333,14308,130
1473,158.386050,14432,130
1474,158.495250,14407,129
1475,158.604717,14011,129
1476,158.714433,14072,129
1477,158.823900,14216,129
1478,158.933350,14140,133
1479,159.042817,13944,133
1480,159.152283,14409,130
1481,159.261733,14099,129
1482,159.370933,14364,130
1483,159.480400,14125,129
1484,159.590117,14487,130
1485,159.699583,14140,135
1486,159.808783,13600,133
1487,159.918500,14007,129
1488,160.028217,13550,128
1489,160.137933,14094,128
1490,160.247133,14170,129
1491,160.356850,14005,128
1492,160.466317,14445,129
1493,160.575783,13996,128
1494,160.685233,14191,128
1495,160.794967,14338,129
1496,160.904417,13911,128
1497,161.013883,13916,128
1498,161.123333,14161,129
1499,161.232533,13980,128
1500,161.342267,14280,129
1501,161.451983,13878,128
1502,161.561433,14185,129
1503,161.670900,14526,129
1504,161.780617,14070,128
1505,161.890083,13863,128
1506,161.999533,13889,128
1507,162.109000,14000,128
1508,162.218200,14359,129
1509,162.327400,14182,129
1510,162.437117,14089,128
1511,162.546850,13854,128
1512,162.656567,13658,127
1513,162.766283,14104,129
1514,162.875750,13876,128
1515,162.985467,14043,129
1516,163.094917,14165,129
1517,163.204383,13913,128
1518,163.313850,14170,129
1519,163.423300,14516,129
1520,163.532767,13972,128
1521,163.641967,14362,129
1522,163.751167,13842,128
1523,163.860883,14110,129
1524,163.970350,14415,129
1525,164.080067,14114,128
1526,164.189517,14204,129
1527,164.298983,14036,128
1528,164.408450,13684,128
1529,164.518167,14066,128
1530,164.627633,14310,129
1531,164.737350,14269,128
1532,164.846800,14169,129
1533,164.956267,14547,129
1534,165.065733,14231,129
1535,165.175450,14048,129
1536,165.285167,14211,129
1537,165.394633,13983,128
1538,165.504350,13814,128
1539,165.614067,14519,129
1540,165.723267,14375,129
1541,165.832733,13993,129
1542,165.942450,14169,128
1543,166.051650,14173,129
1544,166.161633,14023,129
1545,166.271083,13945,128
1546,166.380283,13776,128
1547,166.490017,14225,129
1548,166.599733,14027,128
1549,166.709450,13976,128
1550,166.818650,14077,129
1551,166.928367,13387,127
1552,167.037833,13888,128
1553,167.147033,14226,129
1554,167.256483,13868,128
1555,167.366217,14112,129
1556,167.475417,14418,129
1557,167.584867,13906,128
1558,167.694583,14461,129
1559,167.804050,14022,128
1560,167.913517,14206,129
1561,168.023233,13494,128
1562,168.132950,14152,128
1563,168.242417,14249,129
1564,168.352133,14235,129
1565,168.462117,14147,129
1566,168.571567,14090,128
1567,168.681033,14369,129
1568,168.790750,14127,132
1569,168.900217,14050,133
1570,169.009933,13970,129
1571,169.119400,14373,129
1572,169.228850,13743,128
1573,169.338567,13969,128
1574,169.448300,14022,129
1575,169.558017,14199,129
1576,169.667467,14417,129
1577,169.777200,13636,128
1578,169.886650,13822,128
1579,169.995850,13573,128
1580,170.105050,13886,128
1581,170.214783,14143,129
1582,170.324233,13708,128
1583,170.433950,14362,129
1584,170.543417,13698,128
1585,170.652883,14411,130
1586,170.762333,14075,129
1587,170.871800,14455,129
1588,170.981517,14342,132
1589,171.091233,13741,129
1590,171.200950,14097,134
1591,171.310683,13933,129
1592,171.420133,14163,134
1593,171.529850,14227,129
1594,171.639317,13978,129
1595,171.748783,14121,129
1596,171.858500,14074,129
1597,171.968217,14248,129
1598,172.077933,14176,129
1599,172.187133,14134,129
1600,172.296867,14094,133
1601,172.406583,14309,129
1602,172.516300,13893,128
1603,172.626017,14011,129
1604,172.735483,14149,129
1605,172.844933,14021,129
1606,172.954400,14218,129
1607,173.063867,14295,129
1608,173.173317,13635,130
1609,173.282517,13656,131
1610,173.392233,13612,129
1611,173.501700,14167,131
1612,173.611167,13743,132
1613,173.720883,13713,131
1614,173.830600,13986,132
1615,173.940067,14282,132
1616,174.049783,13928,132
1617,174.159250,13891,128
1618,174.268967,13744,128
1619,174.378417,13733,128
1620,174.487883,14086,129
1621,174.597350,13943,128
1622,174.707067,14203,129
1623,174.816517,14362,129
1624,174.925717,14162,129
1625,175.035183,14021,129
1626,175.144900,13745,128
1627,175.254367,13993,129
1628,175.363817,14719,130
1629,175.473550,14245,129
1630,175.583267,14088,129
1631,175.692983,13960,129
1632,175.802450,13703,128
1633,175.912167,14184,129
1634,176.021633,13688,128
1635,176.131083,14590,130
1636,176.240283,13943,129
1637,176.349750,13699,128
1638,176.459200,13810,129
1639,176.568667,14094,129
1640,176.678133,13595,128
1641,176.787850,14460,130
1642,176.897300,13889,129
1643,177.006500,13450,128
1644,177.115967,13190,128
1645,177.225950,13793,129
1646,177.335667,13712,129
1647,177.445383,13933,129
1648,177.554850,14180,129
1649,177.664567,14231,130
1650,177.774033,13182,127
1651,177.883233,14001,129
1652,177.992950,13489,128
1653,178.102417,14087,130
1654,178.211867,13868,129
1655,178.321333,14362,130
1656,178.430783,14289,130
1657,178.540250,13732,128
1658,178.649717,13867,129
1659,178.758917,13770,129
1660,178.868633,14064,129
1661,178.978350,13381,128
1662,179.087817,13790,129
1663,179.197533,13598,128
1664,179.306983,13966,129
1665,179.416717,13723,129
1666,179.525917,14184,129
1667,179.635633,13776,129
1668,179.745350,13721,128
1669,179.854817,13658,128
1670,179.964533,13989,129
1671,180.074250,14048,129
1672,180.183717,14017,129
1673,180.292917,13717,128
1674,180.402367,13908,129
1675,180.511833,13503,128
1676,180.621550,13661,129
1677,180.731267,14144,129
1678,180.840467,14153,129
1679,180.949933,14144,129
1680,181.059650,13650,128
1681,181.169367,14184,129
1682,181.278833,13353,128
1683,181.388300,13708,129
1684,181.498017,13474,128
1685,181.607483,14142,129
1686,181.716933,13532,128
1687,181.826400,13717,128
1688,181.935600,13394,128
1689,182.045050,13655,129
1690,182.154783,13597,128
1691,182.263983,13957,129
1692,182.373433,13857,129
1693,182.483150,13845,129
1694,182.592883,13442,128
1695,182.702600,13362,128
1696,182.812050,13612,129
1697,182.921250,14058,129
1698,183.030983,13721,129
1699,183.140433,13690,128
1700,183.249900,13603,129
1701,183.359367,13864,129
1702,183.469083,14206,130
1703,183.578800,13864,129
1704,183.688267,13908,129
1705,183.797983,13826,129
1706,183.907700,13843,129
1707,184.017167,14353,130
1708,184.126883,13982,129
1709,184.236333,13914,129
1710,184.346067,14296,130
1711,184.455517,13569,128
1712,184.565233,13659,129
1713,184.674700,13383,128
1714,184.784417,13569,129
1715,184.893883,13226,128
1716,185.003333,13405,128
1717,185.112800,14322,130
1718,185.222267,13887,129
1719,185.331983,13920,129
1720,185.441450,13472,128
1721,185.550900,14075,130
1722,185.660617,13839,129
1723,185.769567,14111,129
1724,185.878767,13583,128
1725,185.988217,14153,129
1726,186.097683,14599,130
1727,186.207400,14008,129
1728,186.316867,13647,129
1729,186.426317,13957,129
1730,186.535783,13445,128
1731,186.645500,13782,129
1732,186.754967,14393,130
1733,186.864417,14009,129
1734,186.974150,13847,129
1735,187.083867,14170,130
1736,187.193333,14140,130
1737,187.303050,13609,129
1738,187.412500,13910,129
1739,187.522233,13843,129
1740,187.631433,13976,129
1741,187.740883,13887,129
1742,187.850350,13753,129
1743,187.960067,13877,129
1744,188.069783,13797,129
1745,188.178983,14244,130
1746,188.288183,14137,130
1747,188.397900,14127,130
1748,188.506850,14283,130
1749,188.616300,13496,129
1750,188.726033,14141,130
1751,188.835483,13739,129
1752,188.945217,13730,129
1753,189.054933,12585,127
1754,189.164133,14716,131
1755,189.273850,13558,129
1756,189.383567,14661,131
1757,189.493283,13049,128
1758,189.602483,13697,129
1759,189.712467,13982,130
1760,189.822183,13642,129
1761,189.931650,14128,130
1762,190.041117,13693,129
1763,190.150833,13734,132
1764,190.260033,13627,129
1765,190.369483,13378,129
1766,190.478950,13711,129
1767,190.588417,13627,129
1768,190.698133,13467,132
1769,190.807333,10117,129
1770,190.917050,11857,129
1771,191.026250,12996,128
1772,191.135967,13226,128
1773,191.245167,12752,127
1774,191.354900,13049,128
1775,191.464100,12916,128
1776,191.574067,12878,128
1777,191.683800,13473,128
1778,191.793000,13460,128
1779,191.902717,13185,128
1780,192.011917,13051,128
1781,192.121633,13623,129
1782,192.231350,13763,129
1783,192.340817,13627,129
1784,192.450017,13678,129
1785,192.559733,13514,128
1786,192.668933,14058,129
1787,192.778400,13525,128
1788,192.887850,13553,129
1789,192.997317,13719,129
1790,193.106783,13246,128
1791,193.216233,13792,129
1792,193.325700,13508,128
1793,193.435150,13733,129
1794,193.544883,12973,127
1795,193.654333,13986,129
1796,193.763800,13206,128
1797,193.873517,13128,127
1798,193.982983,14422,130
1799,194.092433,13141,127
1800,194.202150,13307,128
1801,194.311883,13052,127
1802,194.421333,13391,128
1803,194.531050,14052,129
1804,194.640517,14099,129
1805,194.749983,13271,128
1806,194.859433,13913,129
1807,194.969167,13756,129
1808,195.078617,13381,128
1809,195.188083,13249,128
1810,195.297800,13524,129
1811,195.407267,13633,129
1812,195.516717,13584,129
1813,195.626433,13879,129
1814,195.736167,14184,130
1815,195.845617,14005,129
1816,195.955083,13522,128
1817,196.064533,13779,129
1818,196.174000,13674,129
1819,196.283467,13753,129
1820,196.393183,14368,130
1821,196.502383,14500,130
1822,196.611850,14328,130
1823,196.721300,13940,129
1824,196.830500,13681,128
1825,196.939967,13801,129
1826,197.049683,13669,129
1827,197.159150,13207,128
1828,197.268867,13267,128
1829,197.378583,14345,130
1830,197.488050,13218,128
1831,197.597500,13494,128
1832,197.707217,13885,129
1833,197.816683,13649,128
1834,197.926150,13426,128
1835,198.035600,13954,129
1836,198.145067,14054,130
1837,198.254517,13378,128
1838,198.363983,13188,128
1839,198.473183,13638,129
1840,198.582650,13334,128
1841,198.692367,13469,128
1842,198.801567,13419,128
1843,198.911033,13381,128
1844,199.020483,13735,129
1845,199.129950,13007,128
1846,199.239667,13593,129
1847,199.349133,13701,129
1848,199.458333,14118,130
1849,199.567783,13875,129
1850,199.677500,13766,129
1851,199.786700,13614,128
1852,199.896433,13966,129
1853,200.005883,14279,130
1854,200.115600,13341,128
1855,200.225067,13581,129
1856,200.334783,13336,128
1857,200.444517,13599,129
1858,200.553717,13851,129
1859,200.663433,13313,128
1860,200.773150,13635,129
1861,200.882617,13551,128
1862,200.992067,13601,129
1863,201.101533,13916,129
1864,201.210983,13906,129
1865,201.320450,13355,128
1866,201.429917,14281,130
1867,201.539367,13735,129
1868,201.648833,13524,128
1869,201.758550,13921,129
1870,201.868267,13930,129
1871,201.977467,14145,130
1872,202.086667,12953,127
1873,202.196133,12765,127
1874,202.305850,13722,129
1875,202.415567,14350,130
1876,202.525300,13763,129
1877,202.634750,13464,128
1878,202.744217,13602,128
1879,202.853933,13224,128
1880,202.963400,13883,129
1881,203.072850,14387,130
1882,203.182567,13041,127
1883,203.292033,13198,128
1884,203.401500,13568,128
1885,203.510950,13762,129
1886,203.620417,14090,130
1887,203.730133,12986,128
1888,203.839850,13278,128
1889,203.949317,13500,129
1890,204.058250,13713,129
1891,204.167983,13786,129
1892,204.276917,13728,131
1893,204.386117,13413,131
1894,204.495833,13073,130
1895,204.605300,13191,129
1896,204.714500,13418,128
1897,204.823950,13510,128
1898,204.933417,13471,129
1899,205.042883,13531,129
1900,205.152333,13636,129
1901,205.261800,13334,129
1902,205.371250,13052,128
1903,205.480450,13583,129
1904,205.589917,13447,128
1905,205.699633,13096,128
1906,205.809350,11423,125
1907,205.918817,13137,128
1908,206.028283,13694,129
1909,206.137733,13570,129
1910,206.247200,13110,129
1911,206.356667,13791,129
1912,206.466383,13297,128
1913,206.576100,13070,128
1914,206.685817,13991,130
1915,206.795533,14027,130
1916,206.905267,13534,129
1917,207.014467,14048,130
1918,207.123917,13572,129
1919,207.233633,13317,129
1920,207.343617,13844,129
1921,207.452817,14006,129
1922,207.562283,14178,130
1923,207.671217,13126,128
1924,207.780683,14533,131
1925,207.890400,13889,129
1926,207.999867,13388,128
1927,208.109317,13279,128
1928,208.219050,13872,129
1929,208.328767,13535,128
1930,208.438217,13830,129
1931,208.547683,14101,130
1932,208.657150,13227,128
1933,208.766600,13593,129
1934,208.876067,13530,129
1935,208.985517,13801,129
1936,209.094717,13225,128
1937,209.204450,13676,129
1938,209.314167,13310,128
1939,209.423883,13524,129
1940,209.533350,13495,128
1941,209.643067,13539,129
1942,209.752517,13678,129
1943,209.861983,14071,130
1944,209.971450,13811,129
1945,210.080900,13434,128
1946,210.190367,12799,127
1947,210.299833,13530,128
1948,210.409033,13786,129
1949,210.518483,13306,128
1950,210.628200,13536,129
1951,210.737400,13809,129
1952,210.847133,13338,128
1953,210.956583,13241,128
1954,211.066567,13810,129
1955,211.176033,14080,130
1956,211.285483,13148,128
1957,211.395200,13157,128
1958,211.504667,13272,128
1959,211.614383,13686,129
1960,211.723850,13421,129
1961,211.833050,13722,129
1962,211.942767,13297,128
1963,212.052483,13079,128
1964,212.161950,13138,128
1965,212.271417,13038,128
1966,212.380867,13729,129
1967,212.490333,12860,127
1968,212.600567,13732,129
1969,212.710283,13415,129
1970,212.820017,13550,129
1971,212.929217,13900,130
1972,213.038933,13764,129
1973,213.148383,13058,128
1974,213.257850,12921,128
1975,213.367317,13583,129
1976,213.476767,13433,129
1977,213.585967,13422,128
1978,213.695433,13282,128
1979,213.805150,14089,130
1980,213.914867,13458,129
1981,214.024600,13626,129
1982,214.134050,13583,129
1983,214.243767,13756,129
1984,214.352967,12690,127
1985,214.462700,13709,129
1986,214.572417,13546,129
1987,214.681867,13865,129
1988,214.791333,13880,129
1989,214.901050,13814,129
1990,215.010767,13045,128
1991,215.119967,13431,128
1992,215.229433,13597,129
1993,215.339150,13739,129
1994,215.448617,13877,129
1995,215.558333,13841,129
1996,215.668050,13667,129
1997,215.777517,13361,128
1998,215.886983,13204,128
1999,215.996700,13530,129
2000,216.105900,13202,128
2001,216.215350,13278,128
2002,216.325083,13855,129
2003,216.434533,12981,127
2004,216.543733,13570,129
2005,216.653450,13413,128
2006,216.762650,13530,129
2007,216.872383,13572,129
2008,216.981833,13131,128
2009,217.091817,13813,129
2010,217.201283,13607,129
2011,217.310733,13536,129
2012,217.420200,13378,128
2013,217.529667,13659,129
2014,217.639117,13719,129
2015,217.748583,13484,128
2016,217.858033,13830,129
2017,217.967233,13857,129
2018,218.076700,13153,128
2019,218.186167,13380,128
2020,218.295617,13172,128
2021,218.405083,13559,129
2022,218.514533,13616,129
2023,218.623733,13473,128
2024,218.732933,13538,129
2025,218.842400,13027,129
2026,218.951600,13277,129
2027,219.243317,13577,129
2028,219.352517,13710,129
2029,219.461717,13340,128
2030,219.570917,13946,130
2031,219.679867,13187,128
2032,219.789067,13702,129
2033,219.898517,13590,129
2034,220.008250,13216,128
2035,220.117450,13527,128
2036,220.227167,13424,128
2037,220.336617,13317,128
2038,220.445817,9149,120
2039,220.555283,13190,128
2040,220.664750,13731,129
2041,220.773950,13293,128
2042,220.883400,13585,129
2043,220.993117,13945,129
2044,221.102317,13447,129
2045,221.211783,13476,129
2046,221.321500,13284,128
2047,221.430967,13303,128
2048,221.540683,12786,127
2049,221.650150,13375,128
2050,221.759350,13118,128
2051,221.868800,12977,128
2052,221.978533,13500,129
2053,222.087733,13442,128
2054,222.197450,13694,129
2055,222.307167,13434,129
2056,222.416883,13871,129
2057,222.526350,13232,128
2058,222.636067,13486,129
2059,222.745783,14135,130
2060,222.855250,12384,126
2061,222.964967,13016,128
2062,223.074683,13278,128
2063,223.184417,13358,129
2064,223.293867,13409,129
2065,223.403333,13199,128
2066,223.512267,14033,130
2067,223.621733,13483,129
2068,223.731183,13775,129
2069,223.840650,13211,128
2070,223.950117,13246,128
2071,224.059833,13997,130
2072,224.169033,13064,128
2073,224.278750,12678,127
2074,224.388467,13496,129
2075,224.498183,14235,130
2076,224.607650,14091,130
2077,224.717367,14280,131
2078,224.827083,13296,128
2079,224.936550,13257,128
2080,225.046017,12960,128
2081,225.155467,13187,128
2082,225.264933,13585,129
2083,225.374400,13700,129
2084,225.484117,13309,129
2085,225.593833,13427,129
2086,225.703300,13500,129
2087,225.812750,13550,129
2088,225.922217,13621,129
2089,226.031417,13338,129
2090,226.140867,13070,128
2091,226.250600,13680,129
2092,226.360050,12707,127
2093,226.469517,12800,127
2094,226.578967,13440,129
2095,226.688433,13382,129
2096,226.797900,12865,128
2097,226.907617,13519,129
2098,227.017333,13412,129
2099,227.126800,12993,128
2100,227.236517,13107,128
2101,227.345717,13168,128
2102,227.454917,13146,128
2103,227.564383,13027,128
2104,227.673583,13451,129
2105,227.783033,12516,127
2106,227.892500,13144,128
2107,228.001950,13811,129
2108,228.111417,13460,129
2109,228.221133,13913,129
2110,228.330600,13359,128
2111,228.440317,13236,128
2112,228.549783,13328,128
2113,228.658983,13471,129
2114,228.768433,12578,127
2115,228.878417,13697,129
2116,228.988133,12970,128
2117,229.097600,13045,128
2118,229.207317,13268,128
2119,229.317033,13564,129
2120,229.426233,13407,129
2121,229.535700,13390,128
2122,229.645417,12856,128
2123,229.754883,13568,129
2124,229.864083,12833,127
2125,229.973800,13271,128
2126,230.083000,12997,128
2127,230.192467,13294,128
2128,230.301917,13172,128
2129,230.411117,13624,129
2130,230.520583,12687,127
2131,230.630033,13591,129
2132,230.739500,13196,128
2133,230.848967,13743,129
2134,230.957900,12733,127
2135,231.067367,13728,129
2136,231.176817,12995,128
2137,231.286017,13169,128
2138,231.395483,12910,127
2139,231.504950,12953,128
2140,231.614400,13529,129
2141,231.723350,13008,128
2142,231.832283,13813,129
2143,231.941750,13023,128
2144,232.051467,13190,128
2145,232.160400,13288,128
2146,232.269867,12895,127
2147,232.379317,13678,129
2148,232.488783,12944,127
2149,232.597983,13744,129
2150,232.707450,13741,129
2151,232.816900,12509,127
2152,232.926367,12769,127
2153,233.035833,13162,128
2154,233.145283,13148,128
2155,233.254750,13168,128
2156,233.364467,12985,128
2157,233.473933,13017,128
2158,233.583383,13034,128
2159,233.692850,13628,129
2160,233.802050,13499,129
2161,233.911500,12982,128
2162,234.021233,13640,129
2163,234.130433,12361,126
2164,234.240150,13319,128
2165,234.349867,13480,128
2166,234.459067,12952,127
2167,234.568533,13139,128
2168,234.677983,12883,127
2169,234.787183,13928,129
2170,234.896383,13592,129
2171,235.006117,12844,127
2172,235.115567,13278,128
2173,235.225033,13234,128
2174,235.334750,13088,128
2175,235.444217,12534,127
2176,235.553667,13202,128
2177,235.663383,12928,128
2178,235.773367,12789,127
2179,235.882833,13227,128
2180,235.992550,13170,128
2181,236.102267,12566,127
2182,236.211733,12302,126
2183,236.320933,12900,128
2184,236.430400,13451,128
2185,236.539850,13095,128
2186,236.649317,13500,128
2187,236.759033,12853,127
2188,236.868500,13153,128
2189,236.977950,13954,129
2190,237.087150,12868,129
2191,237.196617,12924,128
2192,237.306333,13146,131
2193,237.416050,13526,131
2194,237.525767,13168,128
2195,237.635500,13568,129
2196,237.744950,13488,129
2197,237.854667,13347,129
2198,237.964133,13016,128
2199,238.073850,12710,127
2200,238.183317,13365,129
2201,238.293300,13810,129
2202,238.402750,13786,130
2203,238.512217,12928,128
2204,238.621933,12630,127
2205,238.731133,13089,128
2206,238.840850,13499,129
2207,238.950050,13377,129
2208,239.059517,12534,127
2209,239.168983,12768,128
2210,239.278433,8472,121
2211,239.387633,639,117
2212,239.497350,2540,123
2213,239.607083,13350,128
2214,239.716533,13065,128
2215,239.826000,13057,128
2216,239.935450,13714,129
2217,240.044650,12927,127
2218,240.153867,13442,128
2219,240.263583,12216,126
2220,240.372517,12624,127
2221,240.481983,12497,127
2222,240.591183,12787,127
2223,240.700900,12649,127
2224,240.810367,12531,127
2225,240.920083,12441,126
2226,241.029283,12133,126
2227,241.139000,12646,127
2228,241.248717,13023,128
2229,241.358183,13287,128
2230,241.467900,12678,127
2231,241.577367,13089,128
2232,241.686567,12507,126
2233,241.796017,13149,128
2234,241.905733,12850,127
2235,242.015200,13336,128
2236,242.124400,13014,127
2237,242.234117,12680,127
2238,242.343317,12737,127
2239,242.453050,13266,128
2240,242.562500,13417,128
2241,242.671967,12720,127
2242,242.781417,12888,127
2243,242.890883,13302,128
2244,243.000350,13645,129
2245,243.109800,12398,126
2246,243.219267,12924,127
2247,243.328717,13101,128
2248,243.438450,13107,128
2249,243.548417,12500,127
2250,243.658150,13234,128
2251,243.767867,13118,128
2252,243.877317,12782,127
2253,243.986533,13014,129
2254,244.096250,12652,128
2255,244.205967,12982,128
2256,244.315683,13130,129
2257,244.424883,12461,128
2258,244.534083,12854,128
2259,244.643800,12999,128
2260,244.752750,13392,128
2261,244.862200,11902,126
2262,244.971667,12698,128
2263,245.081133,13004,128
2264,245.190850,12954,128
2265,245.300567,12800,127
2266,245.409767,12813,128
2267,245.519233,12822,128
2268,245.628950,13307,128
2269,245.738400,12184,126
2270,245.847617,12340,127
2271,245.957333,12451,127
2272,246.066783,12178,126
2273,246.176250,12665,127
2274,246.285967,13068,128
2275,246.395683,13689,129
2276,246.505150,12643,127
2277,246.614867,12969,128
2278,246.724333,12432,127
2279,246.833783,13422,128
2280,246.942983,13086,128
2281,247.052450,12885,127
2282,247.161917,12753,128
2283,247.271367,12813,127
2284,247.381083,13299,128
2285,247.490283,12962,128
2286,247.599750,12131,126
2287,247.709467,13026,128
2288,247.818667,13120,128
2289,247.928400,12908,128
2290,248.037850,12351,126
2291,248.147317,12541,127
2292,248.256517,13108,128
2293,248.366233,13594,129
2294,248.475700,12911,128
2295,248.585417,12720,127
2296,248.695133,12706,127
2297,248.804333,13686,129
2298,248.914050,13254,128
2299,249.023517,13204,128
2300,249.132717,12494,127
2301,249.242167,12576,126
2302,249.351633,13238,128
2303,249.461100,12163,126
2304,249.570550,12033,126
2305,249.680283,12647,127
2306,249.789483,12491,127
2307,249.898933,12407,127
2308,250.008650,11597,126
2309,250.118383,12490,127
2310,250.227583,12327,127
2311,250.337033,12728,128
2312,250.446750,12334,127
2313,250.555950,12740,127
2314,250.665417,12520,126
2315,250.775133,12436,127
2316,250.884600,11763,125
2317,250.994050,12529,127
2318,251.103783,12006,126
2319,251.213233,13869,130
2320,251.322950,13092,128
2321,251.432417,12473,127
2322,251.541883,12639,127
2323,251.651600,12230,126
2324,251.761317,12462,127
2325,251.870517,12411,127
2326,251.980233,12615,127
2327,252.089700,12553,127
2328,252.198900,12967,128
2329,252.308367,12780,128
2330,252.417817,12575,127
2331,252.527283,13083,128
2332,252.636733,12393,127
2333,252.745933,12447,127
2334,252.855400,12795,127
2335,252.964867,13132,128
2336,253.074583,12661,127
2337,253.184033,13079,128
2338,253.293500,12766,127
2339,253.402967,12307,127
2340,253.512417,11979,126
2341,253.621883,12346,126
2342,253.731600,12412,127
2343,253.841317,12524,127
2344,253.950783,12964,128
2345,254.060500,12688,127
2346,254.170217,12397,127
2347,254.279683,12713,127
2348,254.389150,12694,127
2349,254.498867,12820,127
2350,254.608067,13171,128
2351,254.717517,12804,127
2352,254.827250,13217,128
2353,254.936450,13380,129
2354,255.045900,12999,127
2355,255.155617,11645,125
2356,255.265350,13225,128
2357,255.374800,13474,129
2358,255.484533,13126,128
2359,255.593983,12895,128
2360,255.703183,12568,127
2361,255.812383,12653,127
2362,255.922100,12354,126
2363,256.031567,12498,127
2364,256.141033,12898,128
2365,256.250483,12878,127
2366,256.359950,12752,127
2367,256.469400,13200,128
2368,256.579133,12945,127
2369,256.688850,12133,126
2370,256.798300,13009,127
2371,256.908033,12111,126
2372,257.017483,12238,126
2373,257.127200,12397,126
2374,257.236933,12508,126
2375,257.346650,12894,127
2376,257.455850,12260,126
2377,257.565567,12473,126
2378,257.675033,12499,126
2379,257.784233,13102,128
2380,257.893683,12226,126
2381,258.003150,12696,129
2382,258.112617,12447,128
2383,258.222333,12871,129
2384,258.332050,12216,127
2385,258.442550,12516,128
2386,258.552017,12629,128
2387,258.661733,12246,127
2388,258.771450,12906,129
2389,258.880917,12010,127
2390,258.990633,12163,127
2391,259.100350,12128,127
2392,259.209300,12596,129
2393,259.318750,12085,128
2394,259.428467,13561,130
2395,259.538200,12912,129
2396,259.647917,12574,128
2397,259.757367,12482,128
2398,259.866833,12652,128
2399,259.976550,12279,128
2400,260.086267,12476,128
2401,260.196000,13067,129
2402,260.305717,11403,126
2403,260.415433,12761,129
2404,260.524900,12764,129
2405,260.634617,13084,129
2406,260.744067,12595,128
2407,260.853267,12447,128
2408,260.963000,11567,124
2409,261.072450,12614,127
2410,261.181917,12789,127
2411,261.291117,12110,127
2412,261.400583,12185,127
2413,261.510033,13455,130
2414,261.619500,12601,128
2415,261.728950,13031,129
2416,261.838683,12111,127
2417,261.948133,12508,128
2418,262.057333,12669,128
2419,262.167050,12225,127
2420,262.276783,12522,127
2421,262.385983,13040,129
2422,262.495433,13266,129
2423,262.604900,12837,128
2424,262.715133,12661,128
2425,262.824600,12461,127
2426,262.934317,12655,127
2427,263.043783,11958,127
2428,263.152983,12139,127
2429,263.262433,12960,128
2430,263.371900,12376,127
2431,263.481367,12938,128
2432,263.590817,12481,128
2433,263.700533,12630,128
2434,263.809733,12312,127
2435,263.919467,12501,128
2436,264.028667,12345,127
2437,264.138117,12218,127
2438,264.247317,12773,128
2439,264.357033,13012,129
2440,264.466500,11915,126
2441,264.575967,12127,127
2442,264.685417,12093,127
2443,264.794617,12093,127
2444,264.904350,12171,127
2445,265.013800,12156,127
2446,265.123000,11819,126
2447,265.232717,11949,127
2448,265.342450,11740,126
2449,265.451900,12294,127
2450,265.561367,12293,127
2451,265.671083,13576,130
2452,265.780550,12049,127
2453,265.889750,12348,127
2454,265.999467,12608,128
2455,266.108917,12791,128
2456,266.218383,12317,127
2457,266.328100,13232,129
2458,266.437817,11811,126
2459,266.547283,12383,127
2460,266.657000,12138,127
2461,266.766733,12778,128
2462,266.875933,12097,127
2463,266.985383,12819,128
2464,267.095100,12245,127
2465,267.205350,12628,128
2466,267.314800,12772,128
2467,267.424533,12505,128
2468,267.534250,12385,128
2469,267.643700,11960,127
2470,267.752900,12399,127
2471,267.862633,12229,127
2472,267.972083,12643,128
2473,268.081800,11772,126
2474,268.191533,12091,127
2475,268.301250,12963,128
2476,268.410700,12056,126
2477,268.520433,12709,128
2478,268.630150,12073,127
2479,268.739617,12245,127
2480,268.849333,12784,128
2481,268.959050,12156,127
2482,269.068767,13033,129
2483,269.178233,11623,126
2484,269.287433,11634,126
2485,269.397150,12052,127
2486,269.506350,12606,128
2487,269.616067,12650,128
2488,269.725533,11696,126
2489,269.834983,12499,128
2490,269.944450,12294,127
2491,270.053917,11363,125
2492,270.163367,12151,127
2493,270.272833,12380,127
2494,270.382550,12467,127
2495,270.492017,12893,127
2496,270.601467,11795,125
2497,270.711200,12744,127
2498,270.820650,12211,126
2499,270.930117,11777,125
2500,271.039833,11746,127
2501,271.149817,11143,125
2502,271.259267,11769,125
2503,271.368733,11940,126
2504,271.478450,11947,126
2505,271.587650,13351,129
2506,271.697367,12345,127
2507,271.807100,12181,126
2508,271.917067,11557,125
2509,272.026533,12451,127
2510,272.136250,12075,126
2511,272.245967,12558,127
2512,272.355433,12625,127
2513,272.465150,12071,126
2514,272.574617,12479,127
2515,272.684083,12321,127
2516,272.793800,12602,128
2517,272.903250,11868,126
2518,273.012983,11928,126
2519,273.122433,11784,126
2520,273.231900,12141,126
2521,273.341617,11772,126
2522,273.451083,11774,125
2523,273.560800,11914,126
2524,273.670250,12136,127
2525,273.779717,11959,126
2527,273.998633,12122,127
2528,274.108100,11882,127
2529,274.218083,11491,125
2530,274.327800,12106,127
2531,274.437517,12076,127
2532,274.546983,11442,127
2533,274.656433,11539,127
2534,274.766167,11795,126
2535,274.875617,12168,127
2536,274.985083,11108,124
2537,275.094800,11084,124
2538,275.204267,11161,124
2539,275.313717,11476,124
2540,275.423433,10856,123
2541,275.532633,11192,124
2542,275.642100,11035,123
2543,275.751817,11434,125
2544,275.861017,11162,125
2545,275.970483,11483,125
2546,276.079933,11417,125
2547,276.189400,11094,125
2548,276.298867,10714,124
2549,276.408317,10108,122
2550,276.517517,10753,123
2551,276.626717,10621,122
2552,276.736183,11139,123
2553,276.845650,11111,123
2554,276.955367,11384,124
2555,277.065083,10929,123
2556,277.174550,11096,123
2557,277.284000,10643,122
2558,277.393717,11063,123
2559,277.502917,9500,120
2560,277.612383,10778,123
2561,277.722100,9980,121
2562,277.831817,10512,122
2563,277.941550,10356,121
2564,278.051000,10524,122
2565,278.160733,9753,120
2566,278.270183,10376,122
2567,278.379650,10894,123
2568,278.489367,9955,121
2569,278.598300,10433,121
2570,278.708033,9474,119
2571,278.817750,10011,120
2572,278.927467,9600,120
2573,279.036667,9789,120
2574,279.146133,9905,120
2575,279.255850,9564,118
2576,279.365050,9995,120
2577,279.474767,9338,119
2578,279.584233,9449,119
2579,279.693433,8552,118
2580,279.802883,8847,118
2581,279.912600,9317,119
2582,280.021817,8785,118
2583,280.131533,9502,119
2584,280.240983,9614,120
2585,280.350450,9114,118
2586,280.460433,10075,121
2587,280.569883,8418,117
2588,280.679350,8263,117
2589,280.788817,9076,118
2590,280.898017,10036,120
2591,281.007467,8981,119
2592,281.116933,9404,119
2593,281.227167,9560,121
2594,281.336367,9106,120
2595,281.445833,8418,119
2596,281.555033,8976,120
2597,281.664233,8691,119
2598,281.773683,9134,120
2599,281.883150,9047,120
2600,281.992617,9239,120
2601,282.102067,9181,120
2602,282.211017,9663,121
