#file number,time from start,flux,flux error
27,0.000000,41693,171
28,0.109717,41424,172
29,0.219183,41378,171
30,0.328650,41250,171
31,0.438100,42119,172
32,0.547567,42510,174
33,0.657017,41240,173
34,0.766217,41807,173
35,0.875417,41550,172
36,0.984367,41657,173
37,1.094083,41973,171
38,1.203033,41646,170
39,1.311700,41468,170
40,1.420650,41365,170
42,1.638533,41333,170
43,1.747200,42219,171
44,1.856400,41146,169
45,1.965600,42383,172
46,2.075067,42415,172
47,2.184000,41212,170
48,2.293467,41487,170
49,2.402933,42046,171
50,2.512133,41015,169
51,2.621850,41478,170
52,2.731300,42016,171
53,2.840767,41606,170
54,2.950233,41816,170
55,3.059950,41317,170
56,3.169150,41985,171
57,3.278617,41505,170
58,3.388333,41927,171
59,3.497783,41272,170
60,3.607517,41544,170
61,3.716967,41768,170
62,3.826167,41844,170
100,7.989567,43419,173
101,8.098767,42196,171
102,8.208483,41375,170
103,8.317950,41883,171
104,8.427417,41898,171
105,8.536617,40738,169
106,8.645550,42715,172
107,8.754500,42256,171
108,8.863433,42192,173
109,8.972367,42438,172
110,9.082350,42208,171
111,9.191550,41733,170
112,9.300750,41442,170
113,9.410217,40735,169
114,9.519417,41492,170
115,9.628867,41874,170
116,9.738600,41380,170
117,9.848317,41436,170
118,9.957000,41229,170
119,10.066967,40605,169
120,10.176950,42644,172
121,10.286417,41913,171
122,10.396133,41897,171
123,10.505067,41917,171
124,10.614533,42618,172
125,10.724250,40930,169
126,10.833717,41578,170
127,10.943433,41685,170
128,11.053150,40476,168
129,11.162883,42366,171
130,11.272600,41169,170
131,11.382050,41777,170
132,11.491517,41114,169
133,11.600983,41919,171
134,11.710433,41622,170
135,11.819900,42505,172
136,11.929350,41827,171
137,12.038817,40856,169
138,12.148533,42015,171
139,12.257733,41486,170
140,12.367200,40925,169
141,12.476917,42694,172
142,12.586383,41320,170
143,12.695833,41828,170
144,12.805567,40607,169
145,12.915017,40691,170
146,13.024217,41308,171
147,13.133683,41608,170
148,13.242883,40984,171
149,13.352333,41888,173
150,13.462067,42272,173
151,13.571267,41893,173
152,13.680983,40422,170
153,13.790433,42043,172
154,13.900683,40911,170
155,14.010400,40862,170
156,14.119600,42472,172
157,14.229317,42314,172
158,14.338783,42452,172
159,14.448500,41929,171
160,14.557967,41026,170
161,14.667167,40565,170
162,14.776617,41380,170
163,14.886350,41858,170
164,14.996067,42295,171
165,15.105517,41680,170
166,15.215250,41065,169
167,15.324700,40909,169
168,15.433900,41052,169
169,15.543367,42041,171
170,15.652817,41568,170
171,15.762283,41151,169
172,15.871750,40862,169
173,15.981200,41916,170
174,16.090667,41319,170
175,16.200383,41282,170
176,16.310100,42070,170
177,16.419300,33419,158
178,16.529033,42017,171
179,16.638233,42739,172
180,16.747683,42454,171
181,16.857400,42103,171
182,16.967650,41535,170
183,17.077100,41364,170
190,17.843850,41698,170
194,18.281683,41670,171
195,18.390633,41345,170
196,18.499567,40712,169
197,18.608767,41919,171
198,18.717967,41053,170
199,18.827167,40853,169
200,18.936117,41635,171
201,19.045050,41703,171
202,19.154767,41627,171
203,19.264233,42216,171
204,19.373433,41464,170
205,19.482883,41930,171
206,19.592350,42666,172
207,19.702067,41314,170
208,19.811533,42123,172
209,19.920733,42462,172
210,20.030200,42474,172
211,20.139650,40465,169
212,20.248850,42320,172
213,20.358317,41681,171
214,20.467767,41679,171
215,20.577233,41411,170
216,20.686700,41032,170
217,20.796150,41490,170
218,20.905617,42028,171
219,21.014817,41861,171
220,21.124267,41747,171
221,21.233467,42454,172
222,21.343200,40934,170
223,21.452650,41776,171
224,21.561850,42244,172
225,21.671317,41697,171
226,21.781033,41426,170
227,21.890500,41406,170
228,22.000217,40987,169
229,22.109933,42570,172
230,22.219400,41569,170
231,22.328850,41691,170
232,22.438317,41871,171
233,22.547517,41573,170
234,22.656983,41776,171
235,22.766700,41159,170
236,22.876150,41331,170
237,22.985883,41649,171
238,23.095333,41892,171
239,23.204800,41994,171
240,23.314000,41927,171
241,23.423717,41633,171
242,23.532917,41018,170
243,23.642383,41272,170
244,23.751833,41134,170
245,23.861300,41274,170
246,23.970767,42563,172
247,24.079967,41666,170
248,24.189167,41367,170
249,24.298617,41506,170
250,24.408083,42006,171
251,24.517283,40766,169
252,24.627000,41775,171
253,24.736467,41578,170
254,24.845667,42040,171
255,24.955117,42360,173
256,25.064583,41387,170
257,25.174033,41457,170
258,25.283500,42020,170
259,25.393217,42193,171
260,25.502683,42349,171
261,25.612133,41037,169
262,25.721867,41604,170
263,25.831067,41459,170
264,25.940517,41541,170
265,26.050250,41950,171
266,26.159183,42926,172
267,26.268650,41725,170
268,26.378367,41846,170
269,26.487567,41285,170
270,26.597283,41989,171
271,26.707000,41424,171
272,26.816200,42478,173
273,26.925667,42004,173
274,27.035383,41795,172
275,27.144583,41998,172
276,27.254300,41641,171
277,27.363767,42736,173
278,27.472967,41268,171
279,27.582417,41701,172
280,27.692150,41784,172
281,27.801350,40574,170
282,27.911067,41554,171
283,28.020783,41551,172
284,28.130250,41305,171
285,28.239967,41864,172
286,28.349433,42204,173
287,28.458633,42207,174
288,28.568083,41897,173
289,28.677283,42472,174
290,28.786483,41640,173
291,28.895950,41469,172
292,29.005667,42202,173
293,29.115133,42089,173
294,29.224850,41347,172
295,29.334567,41260,172
296,29.444283,42153,173
297,29.553483,41785,172
298,29.662950,41764,172
299,29.772667,42231,173
300,29.881867,41785,172
301,29.991333,42318,173
302,30.101050,41550,172
303,30.210767,41393,171
304,30.320233,42399,173
305,30.429950,42833,172
306,30.539417,42219,172
307,30.648617,42388,171
308,30.758333,42524,172
309,30.867783,41387,170
310,30.977250,41702,171
311,31.086450,42823,172
312,31.195917,41530,170
313,31.305367,42213,171
314,31.414833,41495,170
315,31.523767,42730,172
316,31.632450,41223,170
317,31.741650,41573,170
318,31.851367,41922,171
319,31.961100,41499,170
320,32.070550,41947,171
321,32.180017,41415,170
322,32.289733,41953,171
323,32.399717,41514,170
324,32.509433,42906,172
325,32.618900,41921,171
326,32.728350,42400,172
327,32.837817,42495,172
328,32.947267,41290,170
329,33.057000,40873,169
330,33.166450,41118,170
331,33.275917,41077,170
332,33.385117,42024,171
333,33.494583,42864,172
334,33.603783,41918,171
335,33.713233,42275,171
336,33.822183,41642,171
337,33.931117,41295,170
338,34.040317,42461,172
339,34.149783,41254,170
340,34.259500,41514,170
341,34.368950,41713,171
342,34.478150,41944,171
343,34.587617,42020,171
344,34.697083,42628,172
345,34.806800,41717,171
346,34.916517,43177,173
347,35.025717,42342,172
348,35.135183,41452,170
349,35.244633,42801,172
350,35.353833,41662,170
351,35.463300,40590,169
352,35.572767,42278,171
353,35.681967,42122,171
354,35.791417,41498,170
355,35.900883,41865,171
356,36.010333,41384,170
357,36.119800,40990,169
358,36.229517,41456,170
359,36.338717,41426,170
360,36.448433,42076,171
361,36.558167,42049,171
362,36.668133,41586,170
363,36.777333,41779,171
364,36.887067,41682,171
365,36.996783,41336,170
366,37.106250,41502,170
367,37.215700,41058,170
368,37.325417,40918,169
369,37.434617,42089,171
370,37.544083,41949,170
371,37.653800,41970,170
372,37.763267,41966,170
373,37.872717,41679,170
374,37.982450,41123,169
375,38.091900,41496,170
376,38.201367,41566,170
377,38.311083,41997,171
378,38.420283,41118,170
379,38.530000,41969,171
