0.000000000000000000e+00 2.552381744630158322e-02
9.799999999999999822e-01 2.599205640077495785e-02
1.959999999999999964e+00 2.548874630672571390e-02
2.939999999999999947e+00 2.565281446808046970e-02
3.919999999999999929e+00 2.562949830052288491e-02
4.900000000000000355e+00 2.555007119639331192e-02
5.879999999999999893e+00 2.573918179145896420e-02
6.859999999999999432e+00 2.577257375253254670e-02
7.839999999999999858e+00 2.571815961155785035e-02
8.820000000000000284e+00 2.563981706737776534e-02
9.800000000000000711e+00 2.578589805406913960e-02
1.077999999999999936e+01 2.559095577712510242e-02
1.175999999999999979e+01 2.572068869723651008e-02
1.274000000000000021e+01 2.606533664324700919e-02
1.371999999999999886e+01 2.604261186810567785e-02
1.469999999999999929e+01 2.548397373475919103e-02
1.567999999999999972e+01 2.584390814948278950e-02
1.666000000000000014e+01 2.589022870687980940e-02
1.764000000000000057e+01 2.594939659790940906e-02
1.862000000000000099e+01 2.591252899825573913e-02
1.960000000000000142e+01 2.601421105084538929e-02
2.057999999999999829e+01 2.645382493588975883e-02
2.155999999999999872e+01 2.704064430988757997e-02
2.253999999999999915e+01 2.975719158390048927e-02
2.351999999999999957e+01 3.752005242189947187e-02
2.450000000000000000e+01 4.334951161773634848e-02
2.548000000000000043e+01 3.836299380219481553e-02
2.646000000000000085e+01 2.875275497027076493e-02
2.743999999999999773e+01 2.641891676608330158e-02
2.841999999999999815e+01 2.550919593492892434e-02
2.939999999999999858e+01 2.600742747930488707e-02
3.037999999999999901e+01 2.585322500886112068e-02
3.135999999999999943e+01 2.539152499783678407e-02
3.233999999999999631e+01 2.558553558429734615e-02
3.332000000000000028e+01 2.551932273526061681e-02
3.429999999999999716e+01 2.555727998408107923e-02
3.528000000000000114e+01 2.609370389099602283e-02
3.625999999999999801e+01 2.567856502788507661e-02
3.724000000000000199e+01 2.571294456173646090e-02
3.821999999999999886e+01 2.551728834542402527e-02
3.920000000000000284e+01 2.589966839567120135e-02
4.017999999999999972e+01 2.537123416984323268e-02
4.115999999999999659e+01 2.573429408735905186e-02
4.214000000000000057e+01 2.552952025881977116e-02
4.311999999999999744e+01 2.560603676077050431e-02
4.410000000000000142e+01 2.538405159411526515e-02
4.507999999999999829e+01 2.572291432483266721e-02
4.606000000000000227e+01 2.567705740158210403e-02
4.703999999999999915e+01 2.572124297115272948e-02
4.801999999999999602e+01 2.562713806270158073e-02
4.900000000000000000e+01 2.576494676806931686e-02
4.997999999999999687e+01 2.562816196126439447e-02
5.096000000000000085e+01 2.573292487575610035e-02
5.193999999999999773e+01 2.688435967334951507e-02
5.292000000000000171e+01 2.998098888837600826e-02
5.389999999999999858e+01 3.251905389222548015e-02
5.487999999999999545e+01 3.110930918131692841e-02
5.585999999999999943e+01 2.721486416275127954e-02
5.683999999999999631e+01 2.573767242566541574e-02
5.782000000000000028e+01 2.601719103058123400e-02
5.879999999999999716e+01 2.575925626308885746e-02
5.978000000000000114e+01 2.573585673840419336e-02
6.075999999999999801e+01 2.539600923979264124e-02
6.174000000000000199e+01 2.550635978908751336e-02
6.271999999999999886e+01 2.565480823073982425e-02
6.369999999999999574e+01 2.568119147995030771e-02
6.467999999999999261e+01 2.524768274315817435e-02
6.565999999999999659e+01 2.578378204966275816e-02
6.664000000000000057e+01 2.564802483871230290e-02
6.762000000000000455e+01 2.542887110164995107e-02
6.859999999999999432e+01 2.551625949892821765e-02
6.957999999999999829e+01 2.582815281033357113e-02
7.056000000000000227e+01 2.532398153403207092e-02
7.153999999999999204e+01 2.539505976849970245e-02
7.251999999999999602e+01 2.562205112984922498e-02
7.350000000000000000e+01 2.554996322271930673e-02
7.448000000000000398e+01 2.523019809050328077e-02
7.545999999999999375e+01 2.548091362806238075e-02
7.643999999999999773e+01 2.537023873112186426e-02
7.742000000000000171e+01 2.553215761129276618e-02
7.840000000000000568e+01 2.552095595747555165e-02
7.937999999999999545e+01 2.566896247846475743e-02
8.035999999999999943e+01 2.567047850945215412e-02
8.134000000000000341e+01 2.564397296429407960e-02
8.231999999999999318e+01 2.566353505549108169e-02
8.329999999999999716e+01 2.524260927695715778e-02
8.428000000000000114e+01 2.578540211259906095e-02
8.526000000000000512e+01 2.533439845865751924e-02
8.623999999999999488e+01 2.572331646936440105e-02
8.721999999999999886e+01 2.558049098777452623e-02
8.820000000000000284e+01 2.582030867235327737e-02
8.917999999999999261e+01 2.670203302067886489e-02
9.015999999999999659e+01 2.912811114486807060e-02
9.114000000000000057e+01 3.714116065017327578e-02
9.212000000000000455e+01 4.430321524379794706e-02
9.309999999999999432e+01 4.050258885768046740e-02
9.407999999999999829e+01 2.903366042062491270e-02
9.506000000000000227e+01 2.652593839563112399e-02
9.603999999999999204e+01 2.526103408268100606e-02
9.701999999999999602e+01 2.561241159192241892e-02
9.800000000000000000e+01 2.579793356675649796e-02
9.898000000000000398e+01 2.550932360410080452e-02
9.995999999999999375e+01 2.556063552406747513e-02
1.009399999999999977e+02 2.552249556113058565e-02
1.019200000000000017e+02 2.574565791755773284e-02
1.028999999999999915e+02 2.553704650624571276e-02
1.038799999999999955e+02 2.509470062021948097e-02
1.048599999999999994e+02 2.560087335509053305e-02
1.058400000000000034e+02 2.554995388533857353e-02
1.068199999999999932e+02 2.580759139852245240e-02
1.077999999999999972e+02 2.555213552431540025e-02
1.087800000000000011e+02 2.576117527732562848e-02
1.097599999999999909e+02 2.562567764877462378e-02
1.107399999999999949e+02 2.536500309472401044e-02
1.117199999999999989e+02 2.534447346269003490e-02
1.127000000000000028e+02 2.558783920042769638e-02
1.136799999999999926e+02 2.551060192584601177e-02
1.146599999999999966e+02 2.540589366773657667e-02
1.156400000000000006e+02 2.536366451463531804e-02
1.166200000000000045e+02 2.532480054927975510e-02
1.175999999999999943e+02 2.541964163275942101e-02
1.185799999999999983e+02 2.526504287856042724e-02
1.195600000000000023e+02 2.537593764019177231e-02
1.205399999999999920e+02 2.533744497858067546e-02
1.215199999999999960e+02 2.520446443059211339e-02
1.225000000000000000e+02 2.535831127098550977e-02
1.234800000000000040e+02 2.513919366981115511e-02
1.244599999999999937e+02 2.542438224198139210e-02
1.254399999999999977e+02 2.537221120224220777e-02
1.264200000000000017e+02 2.553323168628369305e-02
1.273999999999999915e+02 2.546593230483352663e-02
1.283799999999999955e+02 2.569607870466352612e-02
1.293599999999999852e+02 2.528481906694770090e-02
1.303400000000000034e+02 2.559940607685268210e-02
1.313199999999999932e+02 2.551282999080073041e-02
1.323000000000000114e+02 2.522448679636521071e-02
1.332800000000000011e+02 2.564624442729221410e-02
1.342599999999999909e+02 2.533630904591096036e-02
1.352400000000000091e+02 2.575642166201195377e-02
1.362199999999999989e+02 2.556744099721542512e-02
1.371999999999999886e+02 2.569379793473890172e-02
1.381800000000000068e+02 2.594446336088135005e-02
1.391599999999999966e+02 2.637964049071458289e-02
1.401399999999999864e+02 2.893466843867361499e-02
1.411200000000000045e+02 3.231846349239081428e-02
1.420999999999999943e+02 3.187963785981642872e-02
1.430799999999999841e+02 2.766372028966869109e-02
1.440600000000000023e+02 2.608411477202923420e-02
1.450399999999999920e+02 2.575331323485133966e-02
1.460200000000000102e+02 2.571702106257258910e-02
1.470000000000000000e+02 2.557543137429412264e-02
1.479799999999999898e+02 2.569865212013169170e-02
1.489600000000000080e+02 2.539976768459047476e-02
1.499399999999999977e+02 2.553573782291113092e-02
1.509199999999999875e+02 2.602576168446420202e-02
1.519000000000000057e+02 2.556622224365023496e-02
1.528799999999999955e+02 2.569413373036984194e-02
1.538599999999999852e+02 2.550615800325937640e-02
1.548400000000000034e+02 2.572810965565744054e-02
1.558199999999999932e+02 2.547746834610224720e-02
1.568000000000000114e+02 2.553796521423602403e-02
1.577800000000000011e+02 2.510294860557635288e-02
1.587599999999999909e+02 2.586531089218020024e-02
1.597400000000000091e+02 2.554032871393301790e-02
1.607199999999999989e+02 2.562937467417880644e-02
1.616999999999999886e+02 2.537848451588561177e-02
1.626800000000000068e+02 2.562427151594699054e-02
1.636599999999999966e+02 2.537641258261924548e-02
1.646399999999999864e+02 2.569689134684697077e-02
1.656200000000000045e+02 2.575269439649332387e-02
1.665999999999999943e+02 2.550699902906403832e-02
1.675799999999999841e+02 2.540000336909120984e-02
1.685600000000000023e+02 2.550077837809066814e-02
1.695399999999999920e+02 2.577932728899301820e-02
1.705200000000000102e+02 2.560428707724159494e-02
1.715000000000000000e+02 2.553360852235439515e-02
1.724799999999999898e+02 2.569441352410745463e-02
1.734600000000000080e+02 2.524849572395109626e-02
1.744399999999999977e+02 2.566597241193166457e-02
1.754199999999999875e+02 2.562884970771224166e-02
1.764000000000000057e+02 2.546594252104832784e-02
1.773799999999999955e+02 2.552348983005204436e-02
1.783599999999999852e+02 2.549592909519084530e-02
1.793400000000000034e+02 2.536817808457414447e-02
1.803199999999999932e+02 2.566958636595813650e-02
1.812999999999999829e+02 2.577340361375774630e-02
1.822800000000000011e+02 2.591319521254163705e-02
1.832599999999999909e+02 2.545520134615514643e-02
1.842400000000000091e+02 2.573507134530403709e-02
1.852199999999999989e+02 2.580474528855774760e-02
1.861999999999999886e+02 2.557441332279545773e-02
1.871800000000000068e+02 2.543926284673695901e-02
1.881599999999999966e+02 2.574254869263957468e-02
1.891399999999999864e+02 2.563793156742085952e-02
1.901200000000000045e+02 2.568707247458112963e-02
1.910999999999999943e+02 2.565709186559343366e-02
1.920799999999999841e+02 2.589786393531736883e-02
1.930600000000000023e+02 2.761330105635472973e-02
1.940399999999999920e+02 3.146956386657052962e-02
1.950200000000000102e+02 3.500737856096453049e-02
1.960000000000000000e+02 3.224992991615908272e-02
1.969799999999999898e+02 2.755707602576689882e-02
1.979600000000000080e+02 2.586783361918718743e-02
1.989399999999999977e+02 2.563333639551850299e-02
1.999199999999999875e+02 2.593476504037582619e-02
2.009000000000000057e+02 2.584712804017169283e-02
2.018799999999999955e+02 2.540614509476738295e-02
2.028599999999999852e+02 2.586353170756376663e-02
2.038400000000000034e+02 2.577987369232172948e-02
2.048199999999999932e+02 2.554727258981708340e-02
2.057999999999999829e+02 2.603256838019542968e-02
2.067800000000000011e+02 2.571145809784222691e-02
2.077599999999999909e+02 2.602683000353048573e-02
2.087400000000000091e+02 2.623148045010311596e-02
2.097199999999999989e+02 2.573898121752547785e-02
2.106999999999999886e+02 2.573345152198306535e-02
2.116800000000000068e+02 2.619162440120035434e-02
2.126599999999999966e+02 2.686371814963909102e-02
2.136399999999999864e+02 3.113699546648384178e-02
2.146200000000000045e+02 4.576777988786086965e-02
2.155999999999999943e+02 5.682623967094427991e-02
2.165799999999999841e+02 4.803376653011796893e-02
2.175600000000000023e+02 3.069919621508547872e-02
2.185399999999999920e+02 2.677472165897992057e-02
2.195199999999999818e+02 2.605941064065288651e-02
2.205000000000000000e+02 2.560593961886524494e-02
2.214799999999999898e+02 2.610519340784198811e-02
2.224600000000000080e+02 2.582634647385844903e-02
2.234399999999999977e+02 2.577215140438715926e-02
2.244199999999999875e+02 2.583187026323510715e-02
2.254000000000000057e+02 2.553427012645876834e-02
2.263799999999999955e+02 2.566472915779630798e-02
2.273599999999999852e+02 2.580955243203233995e-02
2.283400000000000034e+02 2.628003690698791153e-02
2.293199999999999932e+02 2.622678026759688377e-02
2.302999999999999829e+02 2.662070071360156040e-02
2.312800000000000011e+02 2.642989166233837214e-02
2.322599999999999909e+02 2.608141208969891670e-02
2.332400000000000091e+02 2.594844364854746732e-02
2.342199999999999989e+02 2.577989025922409333e-02
2.351999999999999886e+02 2.572760202574180671e-02
2.361800000000000068e+02 2.560483803898162131e-02
2.371599999999999966e+02 2.587898261696873481e-02
2.381399999999999864e+02 2.585383970797108799e-02
2.391200000000000045e+02 2.573948173891374425e-02
2.400999999999999943e+02 2.605949060131380890e-02
2.410799999999999841e+02 2.593753897276963524e-02
2.420600000000000023e+02 2.595957042054965191e-02
2.430399999999999920e+02 2.602146246239937094e-02
2.440199999999999818e+02 2.561085515900254558e-02
2.450000000000000000e+02 2.574443108832521337e-02
2.459799999999999898e+02 2.606049613968857911e-02
2.469600000000000080e+02 2.595013153699380140e-02
2.479399999999999977e+02 2.604380058942354012e-02
2.489199999999999875e+02 2.592307192789818082e-02
2.499000000000000057e+02 2.589507563397836637e-02
2.508799999999999955e+02 2.601829931005347415e-02
2.518599999999999852e+02 2.598892067557938973e-02
2.528400000000000034e+02 2.617912684403958176e-02
2.538199999999999932e+02 2.578018994378199896e-02
2.547999999999999829e+02 2.594483999241729844e-02
2.557800000000000011e+02 2.606480819718241457e-02
2.567599999999999909e+02 2.592549896778914564e-02
2.577400000000000091e+02 2.571552510527303978e-02
2.587199999999999704e+02 2.596880009516301310e-02
2.596999999999999886e+02 2.641036180211136716e-02
2.606800000000000068e+02 2.940559033374252548e-02
2.616599999999999682e+02 3.850135766848428870e-02
2.626399999999999864e+02 4.642384479071163389e-02
2.636200000000000045e+02 4.084058237339383696e-02
2.646000000000000227e+02 2.958263241562026843e-02
2.655799999999999841e+02 2.687165472067420957e-02
2.665600000000000023e+02 2.623824705903309018e-02
2.675400000000000205e+02 2.621774380793835332e-02
2.685199999999999818e+02 2.598066572605324878e-02
2.695000000000000000e+02 2.594097188055362671e-02
2.704800000000000182e+02 2.610836218489015134e-02
2.714599999999999795e+02 2.627134365735235913e-02
2.724399999999999977e+02 2.610907807172818326e-02
2.734200000000000159e+02 2.602270005796994065e-02
2.743999999999999773e+02 2.633374401305673893e-02
2.753799999999999955e+02 2.578747913338496484e-02
2.763600000000000136e+02 2.586069017490312885e-02
2.773399999999999750e+02 2.623967729354116304e-02
2.783199999999999932e+02 2.612700646724041079e-02
2.793000000000000114e+02 2.617510757839245847e-02
2.802799999999999727e+02 2.639163165214420889e-02
2.812599999999999909e+02 2.620075371517248397e-02
2.822400000000000091e+02 2.698771380321249302e-02
2.832199999999999704e+02 3.087167522893785598e-02
2.841999999999999886e+02 3.740595665664125241e-02
2.851800000000000068e+02 3.765158052616015411e-02
2.861599999999999682e+02 2.997086646940002458e-02
2.871399999999999864e+02 2.724761676490225493e-02
2.881200000000000045e+02 2.623136161001700731e-02
2.891000000000000227e+02 2.660247727381381475e-02
2.900799999999999841e+02 2.642168765346583278e-02
2.910600000000000023e+02 2.626802882157789135e-02
2.920400000000000205e+02 2.620988576635520026e-02
2.930199999999999818e+02 2.633746862268270331e-02
2.940000000000000000e+02 2.602566938322255219e-02
2.949800000000000182e+02 2.600082062304181693e-02
2.959599999999999795e+02 2.616681243976416715e-02
2.969399999999999977e+02 2.597638765505090597e-02
2.979200000000000159e+02 2.638847263288635753e-02
2.988999999999999773e+02 2.632090674675916994e-02
2.998799999999999955e+02 2.618984083552516884e-02
3.008600000000000136e+02 2.628333495341747539e-02
3.018399999999999750e+02 2.663153634290859120e-02
3.028199999999999932e+02 2.621295152725917899e-02
3.038000000000000114e+02 2.627958201959442602e-02
3.047799999999999727e+02 2.631277732363371605e-02
3.057599999999999909e+02 2.652886392187563114e-02
3.067400000000000091e+02 2.603069849156102594e-02
3.077199999999999704e+02 2.649651984842050015e-02
3.086999999999999886e+02 2.648700933355208412e-02
3.096800000000000068e+02 2.658044926207821929e-02
3.106599999999999682e+02 2.644519073758609673e-02
3.116399999999999864e+02 2.626500302626704267e-02
3.126200000000000045e+02 2.633407452804467294e-02
3.136000000000000227e+02 2.648844463497307400e-02
3.145799999999999841e+02 2.658317816472212380e-02
3.155600000000000023e+02 2.660542470029743367e-02
3.165400000000000205e+02 2.635233239987342865e-02
3.175199999999999818e+02 2.647377137152457163e-02
3.185000000000000000e+02 2.671046292577492279e-02
3.194800000000000182e+02 2.624435044428321054e-02
3.204599999999999795e+02 2.668716324568745288e-02
3.214399999999999977e+02 2.629816433994444647e-02
3.224200000000000159e+02 2.640499214274788162e-02
3.233999999999999773e+02 2.661398174232601846e-02
3.243799999999999955e+02 2.621876229121878829e-02
3.253600000000000136e+02 2.686451055976537758e-02
3.263399999999999750e+02 2.655745084342784473e-02
3.273199999999999932e+02 2.679163046488674399e-02
3.283000000000000114e+02 2.938923650173808771e-02
3.292799999999999727e+02 3.075402899783632668e-02
3.302599999999999909e+02 2.901508559946545940e-02
3.312400000000000091e+02 2.715965730664139308e-02
3.322199999999999704e+02 2.659809502888333885e-02
3.331999999999999886e+02 2.634749570377127245e-02
3.341800000000000068e+02 2.681703762165920518e-02
3.351599999999999682e+02 2.699873418551974533e-02
3.361399999999999864e+02 2.675590520099964745e-02
3.371200000000000045e+02 2.644275859814583518e-02
3.380999999999999659e+02 2.663069153328072314e-02
3.390799999999999841e+02 2.660487705080153559e-02
3.400600000000000023e+02 2.703248644495550440e-02
3.410400000000000205e+02 2.676939933486663717e-02
3.420199999999999818e+02 2.661451678297978643e-02
3.430000000000000000e+02 2.713546941631823917e-02
3.439800000000000182e+02 2.687841045406432969e-02
3.449599999999999795e+02 2.716395987572157306e-02
3.459399999999999977e+02 2.681409470701159869e-02
3.469200000000000159e+02 2.675781809845758155e-02
3.478999999999999773e+02 2.703539439816602177e-02
3.488799999999999955e+02 2.701321866846262409e-02
3.498600000000000136e+02 2.689740133889033033e-02
3.508399999999999750e+02 2.675898732532589960e-02
3.518199999999999932e+02 2.712310481512141339e-02
3.528000000000000114e+02 2.674398592895277371e-02
3.537799999999999727e+02 2.676362200255366641e-02
3.547599999999999909e+02 2.663000666242499107e-02
3.557400000000000091e+02 2.699614146697029704e-02
3.567199999999999704e+02 2.715284657049853168e-02
3.576999999999999886e+02 2.683643334947503206e-02
3.586800000000000068e+02 2.690912147101685858e-02
3.596599999999999682e+02 2.681396607070268834e-02
3.606399999999999864e+02 2.690357216697299159e-02
3.616200000000000045e+02 2.694117823984321092e-02
3.625999999999999659e+02 2.694316243241925632e-02
3.635799999999999841e+02 2.686072040529503130e-02
3.645600000000000023e+02 2.677965715647552536e-02
3.655400000000000205e+02 2.717821568582037481e-02
3.665199999999999818e+02 2.706189741781907590e-02
3.675000000000000000e+02 2.702555320132087047e-02
3.684800000000000182e+02 2.720199127482818280e-02
3.694599999999999795e+02 2.694229884829090274e-02
3.704399999999999977e+02 2.674605590794032484e-02
3.714200000000000159e+02 2.746804531097316038e-02
3.723999999999999773e+02 2.735181095037917537e-02
3.733799999999999955e+02 2.704103176363914854e-02
3.743600000000000136e+02 2.707606299495969940e-02
3.753399999999999750e+02 2.691508972983381112e-02
3.763199999999999932e+02 2.686769702426178644e-02
3.773000000000000114e+02 2.715773276421723850e-02
3.782799999999999727e+02 2.725173085634010131e-02
3.792599999999999909e+02 2.744419899415758909e-02
3.802400000000000091e+02 2.709748318119928334e-02
3.812199999999999704e+02 2.735020318090980104e-02
3.821999999999999886e+02 2.791108671041812525e-02
3.831800000000000068e+02 2.931540823820625447e-02
3.841599999999999682e+02 3.042622416469550894e-02
3.851399999999999864e+02 2.964313448330023124e-02
3.861200000000000045e+02 2.771522934699723051e-02
3.870999999999999659e+02 2.747340443986819730e-02
3.880799999999999841e+02 2.717351145191575570e-02
3.890600000000000023e+02 2.739774826355891382e-02
3.900400000000000205e+02 2.697009059435314521e-02
3.910199999999999818e+02 2.718822318578091590e-02
3.920000000000000000e+02 2.730730451582136578e-02
3.929800000000000182e+02 2.759798495759079734e-02
3.939599999999999795e+02 2.766800751112774570e-02
3.949399999999999977e+02 2.768448029623262613e-02
3.959200000000000159e+02 2.753969894163326229e-02
3.968999999999999773e+02 2.742513856233388253e-02
3.978799999999999955e+02 2.738814580479787680e-02
3.988600000000000136e+02 2.743707261683177301e-02
3.998399999999999750e+02 2.727328749197084276e-02
4.008199999999999932e+02 2.750638655463387081e-02
4.018000000000000114e+02 2.747432441953281956e-02
4.027799999999999727e+02 2.732600805006136016e-02
4.037599999999999909e+02 2.750092636954179146e-02
4.047400000000000091e+02 2.755153221483374118e-02
4.057199999999999704e+02 2.769613448921409357e-02
4.066999999999999886e+02 2.731347680594408897e-02
4.076800000000000068e+02 2.768352681114572347e-02
4.086599999999999682e+02 2.791384259622186129e-02
4.096399999999999864e+02 2.726705077135283678e-02
4.106200000000000045e+02 2.789149927223576880e-02
4.115999999999999659e+02 2.767923402624420867e-02
4.125799999999999841e+02 2.830633473578409581e-02
4.135600000000000023e+02 3.231025941750369224e-02
4.145400000000000205e+02 3.828495704960159507e-02
4.155199999999999818e+02 3.973652173435496260e-02
4.165000000000000000e+02 3.258084826091187797e-02
4.174800000000000182e+02 2.889622404548216131e-02
4.184599999999999795e+02 2.849360198314342466e-02
4.194399999999999977e+02 2.811064863298617933e-02
4.204200000000000159e+02 2.772260418984862779e-02
4.213999999999999773e+02 2.806279778316177198e-02
4.223799999999999955e+02 2.798383859152037828e-02
4.233600000000000136e+02 2.815899576061658624e-02
4.243399999999999750e+02 2.788819209982924818e-02
4.253199999999999932e+02 2.775678086162296221e-02
4.263000000000000114e+02 2.806759965914534805e-02
4.272799999999999727e+02 2.787494975177517986e-02
4.282599999999999909e+02 2.782334667362558120e-02
4.292400000000000091e+02 2.784389458225439845e-02
4.302199999999999704e+02 2.796103115540426662e-02
4.311999999999999886e+02 2.800476318290159514e-02
4.321800000000000068e+02 2.801901948230164571e-02
4.331599999999999682e+02 2.803430901041321574e-02
4.341399999999999864e+02 2.791077331060133615e-02
4.351200000000000045e+02 2.805533730989091118e-02
4.360999999999999659e+02 2.755667519593039613e-02
4.370799999999999841e+02 2.790267672898176163e-02
4.380600000000000023e+02 2.821883866503224758e-02
4.390399999999999636e+02 2.809871049715458383e-02
4.400199999999999818e+02 2.822056436500900226e-02
4.410000000000000000e+02 2.784030014121144717e-02
4.419800000000000182e+02 2.821623615690813450e-02
4.429599999999999795e+02 2.832492282828481117e-02
4.439399999999999977e+02 2.779173470186147715e-02
4.449200000000000159e+02 2.836232591055447977e-02
4.458999999999999773e+02 2.834137335966525548e-02
4.468799999999999955e+02 2.783782481659767202e-02
4.478600000000000136e+02 2.833516924800092221e-02
4.488399999999999750e+02 2.807412057954206813e-02
4.498199999999999932e+02 2.819593608694571235e-02
4.508000000000000114e+02 2.797051839810256804e-02
4.517799999999999727e+02 2.834114203524751296e-02
4.527599999999999909e+02 2.856415705682761527e-02
4.537400000000000091e+02 2.836495685140112688e-02
4.547199999999999704e+02 2.867286800290764007e-02
4.556999999999999886e+02 2.873838292729923027e-02
4.566800000000000068e+02 2.826162707803625204e-02
4.576599999999999682e+02 2.836686666703598300e-02
4.586399999999999864e+02 2.839300451998545347e-02
4.596200000000000045e+02 2.836353564291117443e-02
4.605999999999999659e+02 2.817420382174594048e-02
4.615799999999999841e+02 2.859495701410841653e-02
4.625600000000000023e+02 2.840699440487200883e-02
4.635399999999999636e+02 2.837851789889989443e-02
4.645199999999999818e+02 2.869121936021788374e-02
4.655000000000000000e+02 2.876796170469710090e-02
4.664800000000000182e+02 2.859660614888450206e-02
4.674599999999999795e+02 2.873493382162061252e-02
4.684399999999999977e+02 2.876694101084925972e-02
4.694200000000000159e+02 2.865431000652290949e-02
4.703999999999999773e+02 2.881352983474329624e-02
4.713799999999999955e+02 2.896427411230303312e-02
4.723600000000000136e+02 2.878318879759039425e-02
4.733399999999999750e+02 2.876687849899702693e-02
4.743199999999999932e+02 2.853379453513740782e-02
4.753000000000000114e+02 2.901367757506111839e-02
4.762799999999999727e+02 2.970771125129096843e-02
4.772599999999999909e+02 3.093046510803253504e-02
4.782400000000000091e+02 3.519143840794791006e-02
4.792199999999999704e+02 3.597590805474783909e-02
4.801999999999999886e+02 3.148043137172674283e-02
4.811800000000000068e+02 2.937922160632535848e-02
4.821599999999999682e+02 2.885059671518414720e-02
4.831399999999999864e+02 2.925912512395143980e-02
4.841200000000000045e+02 2.867998576515491671e-02
4.850999999999999659e+02 2.921745648218900329e-02
4.860799999999999841e+02 2.898137510045192822e-02
4.870600000000000023e+02 2.897708467341632982e-02
4.880399999999999636e+02 2.874754906594904208e-02
4.890199999999999818e+02 2.968652299218569116e-02
4.900000000000000000e+02 2.889008829379871232e-02
4.909800000000000182e+02 2.910221154583613259e-02
4.919599999999999795e+02 2.900994883272610750e-02
4.929399999999999977e+02 2.879406652850131573e-02
4.939200000000000159e+02 2.941358896131675976e-02
4.948999999999999773e+02 2.911539002387310976e-02
4.958799999999999955e+02 2.902244855323307324e-02
4.968600000000000136e+02 2.899810245513921927e-02
4.978399999999999750e+02 2.962684580260103312e-02
4.988199999999999932e+02 2.900157643975478927e-02
4.998000000000000114e+02 2.936722344965308693e-02
5.007799999999999727e+02 2.908508314776728915e-02
5.017599999999999909e+02 2.928809411073709720e-02
5.027400000000000091e+02 2.894975173499499468e-02
5.037199999999999704e+02 2.992952623262304379e-02
5.046999999999999886e+02 2.967514014679280970e-02
5.056800000000000068e+02 3.164730184121748030e-02
5.066599999999999682e+02 4.685885246026045420e-02
5.076399999999999864e+02 8.896404406967087231e-02
5.086200000000000045e+02 1.203930037555257376e-01
5.095999999999999659e+02 8.656452343277605543e-02
5.105799999999999841e+02 4.087326090161597786e-02
5.115600000000000023e+02 3.257141106504837097e-02
5.125399999999999636e+02 3.042793816139556518e-02
5.135199999999999818e+02 3.002952672095794001e-02
5.145000000000000000e+02 2.952934282264845986e-02
5.154800000000000182e+02 2.966407852750891500e-02
5.164600000000000364e+02 2.949944309701904924e-02
5.174399999999999409e+02 2.975190561779790521e-02
5.184199999999999591e+02 2.988894999656604989e-02
5.193999999999999773e+02 2.983620692673660812e-02
5.203799999999999955e+02 2.938766756208099906e-02
5.213600000000000136e+02 2.988205306424135052e-02
5.223400000000000318e+02 2.983166958544750808e-02
5.233199999999999363e+02 2.965602791425077378e-02
5.242999999999999545e+02 2.962546153200717666e-02
5.252799999999999727e+02 2.993525013657692344e-02
5.262599999999999909e+02 2.968908602608807956e-02
5.272400000000000091e+02 2.982608533846220142e-02
5.282200000000000273e+02 2.950739789373564223e-02
5.292000000000000455e+02 3.002373106100908809e-02
5.301799999999999500e+02 3.006407327503203553e-02
5.311599999999999682e+02 3.005735806673827740e-02
5.321399999999999864e+02 3.010820230399813974e-02
5.331200000000000045e+02 2.979853298688133964e-02
5.341000000000000227e+02 3.026790601920772289e-02
5.350800000000000409e+02 3.026167892160808517e-02
5.360599999999999454e+02 3.027315958811009969e-02
5.370399999999999636e+02 3.012325527412049175e-02
5.380199999999999818e+02 2.992074145964935747e-02
5.390000000000000000e+02 3.030187608484896308e-02
5.399800000000000182e+02 3.051566233542908277e-02
5.409600000000000364e+02 3.039091164545202131e-02
5.419399999999999409e+02 3.044534959837028390e-02
5.429199999999999591e+02 3.019267189257241954e-02
5.438999999999999773e+02 3.048881282066355849e-02
5.448799999999999955e+02 3.058778693823235861e-02
5.458600000000000136e+02 3.045243201021016061e-02
5.468400000000000318e+02 3.046662751036682132e-02
5.478199999999999363e+02 3.078877395492590416e-02
5.487999999999999545e+02 3.023803999847875928e-02
5.497799999999999727e+02 3.025939992244372490e-02
5.507599999999999909e+02 3.050101401365623577e-02
5.517400000000000091e+02 3.039202544501444503e-02
5.527200000000000273e+02 3.044279740978831847e-02
5.537000000000000455e+02 3.045572944427799369e-02
5.546799999999999500e+02 3.046302556547176785e-02
5.556599999999999682e+02 3.089488397813267007e-02
5.566399999999999864e+02 3.057301675568492583e-02
5.576200000000000045e+02 3.069306241162804080e-02
5.586000000000000227e+02 3.062212184992556957e-02
5.595800000000000409e+02 3.054657605271909535e-02
5.605599999999999454e+02 3.088632258050774682e-02
5.615399999999999636e+02 3.050530737425717620e-02
5.625199999999999818e+02 3.062262036640256077e-02
5.635000000000000000e+02 3.089530903502384074e-02
5.644800000000000182e+02 3.060531079261055373e-02
5.654600000000000364e+02 3.097049470023255022e-02
5.664399999999999409e+02 3.066431370777761289e-02
5.674199999999999591e+02 3.084682104296687655e-02
5.683999999999999773e+02 3.119196774046057580e-02
5.693799999999999955e+02 3.109824219537411089e-02
5.703600000000000136e+02 3.094766619927676043e-02
5.713400000000000318e+02 3.098965558685144728e-02
5.723199999999999363e+02 3.115060050724737656e-02
5.732999999999999545e+02 3.082225723902017739e-02
5.742799999999999727e+02 3.126196994835458293e-02
5.752599999999999909e+02 3.082764310669687882e-02
5.762400000000000091e+02 3.111175810528534272e-02
5.772200000000000273e+02 3.115799779482859161e-02
5.782000000000000455e+02 3.069758444703686584e-02
5.791799999999999500e+02 3.132197427672820528e-02
5.801599999999999682e+02 3.127091615726408647e-02
5.811399999999999864e+02 3.123112102120812264e-02
5.821200000000000045e+02 3.090884377040142156e-02
5.831000000000000227e+02 3.155151642453035005e-02
5.840800000000000409e+02 3.144215024194736002e-02
5.850599999999999454e+02 3.128085549976809820e-02
5.860399999999999636e+02 3.139887296031655672e-02
5.870199999999999818e+02 3.140272548876630460e-02
5.880000000000000000e+02 3.130524429816395476e-02
5.889800000000000182e+02 3.155327319412783160e-02
5.899600000000000364e+02 3.143637613335702186e-02
5.909399999999999409e+02 3.147157349243332597e-02
5.919199999999999591e+02 3.138557794741815565e-02
5.928999999999999773e+02 3.137092996108792331e-02
5.938799999999999955e+02 3.182129185851585718e-02
5.948600000000000136e+02 3.146450472899112866e-02
5.958400000000000318e+02 3.153885860661883450e-02
5.968199999999999363e+02 3.172342226186530834e-02
5.977999999999999545e+02 3.246482312896018657e-02
5.987799999999999727e+02 3.249512367642366090e-02
5.997599999999999909e+02 3.196042356031967430e-02
6.007400000000000091e+02 3.192172783853219203e-02
6.017200000000000273e+02 3.184483108942944007e-02
6.027000000000000455e+02 3.186098243207058367e-02
6.036799999999999500e+02 3.181071318805690773e-02
6.046599999999999682e+02 3.174870327352622562e-02
6.056399999999999864e+02 3.189396636305548427e-02
6.066200000000000045e+02 3.172526748459056356e-02
6.076000000000000227e+02 3.230695404611821919e-02
6.085800000000000409e+02 3.216656227800412243e-02
6.095599999999999454e+02 3.193845175569545031e-02
6.105399999999999636e+02 3.240836679817704624e-02
6.115199999999999818e+02 3.198406882275601354e-02
6.125000000000000000e+02 3.227986264513919151e-02
6.134800000000000182e+02 3.190951195009501112e-02
6.144600000000000364e+02 3.208059283199757306e-02
6.154399999999999409e+02 3.233039114424585136e-02
6.164199999999999591e+02 3.165390728028668471e-02
6.173999999999999773e+02 3.262989430662973506e-02
6.183799999999999955e+02 3.195753548775442932e-02
6.193600000000000136e+02 3.275891306920454549e-02
6.203400000000000318e+02 3.245733249361733297e-02
6.213199999999999363e+02 3.246852670723066048e-02
6.222999999999999545e+02 3.281205712151392950e-02
6.232799999999999727e+02 3.286140665879623557e-02
6.242599999999999909e+02 3.199041966483639338e-02
6.252400000000000091e+02 3.288062919662296246e-02
6.262200000000000273e+02 3.256626276149959115e-02
6.272000000000000455e+02 3.280791813647786215e-02
6.281799999999999500e+02 3.294250398752707892e-02
6.291599999999999682e+02 3.282891063826129385e-02
6.301399999999999864e+02 3.250210939641642177e-02
6.311200000000000045e+02 3.313583733677168131e-02
6.321000000000000227e+02 3.251286200639900287e-02
6.330800000000000409e+02 3.293638856150185590e-02
6.340599999999999454e+02 3.268513525618034488e-02
6.350399999999999636e+02 3.327228481930383230e-02
6.360199999999999818e+02 3.304359241455869650e-02
6.370000000000000000e+02 3.275421138308840657e-02
6.379800000000000182e+02 3.347646013350126515e-02
6.389600000000000364e+02 3.287630112783185982e-02
6.399399999999999409e+02 3.315335120599364332e-02
6.409199999999999591e+02 3.325791703626623103e-02
6.418999999999999773e+02 3.344960771320371756e-02
6.428799999999999955e+02 3.299736183170148829e-02
6.438600000000000136e+02 3.353258115488403496e-02
6.448400000000000318e+02 3.354463986037804074e-02
6.458199999999999363e+02 3.376120672647514587e-02
6.467999999999999545e+02 3.382673865121686718e-02
6.477799999999999727e+02 3.364033750603080686e-02
6.487599999999999909e+02 3.343225653509075690e-02
6.497400000000000091e+02 3.369089149239760245e-02
6.507200000000000273e+02 3.343216356411009976e-02
6.516999999999999318e+02 3.385672036977448174e-02
6.526799999999999500e+02 3.388535176282114758e-02
6.536599999999999682e+02 3.379115205586515069e-02
6.546399999999999864e+02 3.341160657590840771e-02
6.556200000000000045e+02 3.353515799809580339e-02
6.566000000000000227e+02 3.389744730650876003e-02
6.575800000000000409e+02 3.368399312816273278e-02
6.585599999999999454e+02 3.382016999009061775e-02
6.595399999999999636e+02 3.392418490502641798e-02
6.605199999999999818e+02 3.366682547914349316e-02
6.615000000000000000e+02 3.390064025591007363e-02
6.624800000000000182e+02 3.386903675480212178e-02
6.634600000000000364e+02 3.437131847960215453e-02
6.644399999999999409e+02 3.425507033537289470e-02
6.654199999999999591e+02 3.420297512140529905e-02
6.663999999999999773e+02 3.428134583943062696e-02
6.673799999999999955e+02 3.425199798646384047e-02
6.683600000000000136e+02 3.423221911101928527e-02
6.693400000000000318e+02 3.479568657190516140e-02
6.703199999999999363e+02 3.471250950495009119e-02
6.712999999999999545e+02 3.457037794585633705e-02
6.722799999999999727e+02 3.498176031036225042e-02
6.732599999999999909e+02 3.431689192567655144e-02
6.742400000000000091e+02 3.482684655802840978e-02
6.752200000000000273e+02 3.438544012780264669e-02
6.761999999999999318e+02 3.409052532116053913e-02
6.771799999999999500e+02 3.462617578396035706e-02
6.781599999999999682e+02 3.508587896579584003e-02
6.791399999999999864e+02 3.492005878518127798e-02
6.801200000000000045e+02 3.520100899663158173e-02
6.811000000000000227e+02 3.506089078888049299e-02
6.820800000000000409e+02 3.489722437282661432e-02
6.830599999999999454e+02 3.460180482205807428e-02
6.840399999999999636e+02 3.530320925448449804e-02
6.850199999999999818e+02 3.482847155602306066e-02
6.860000000000000000e+02 3.450073186385881063e-02
6.869800000000000182e+02 3.503974108719244696e-02
6.879600000000000364e+02 3.503233007997050286e-02
6.889399999999999409e+02 3.528367394626024528e-02
6.899199999999999591e+02 3.496635689047102036e-02
6.908999999999999773e+02 3.509211450276451816e-02
6.918799999999999955e+02 3.509211412303044064e-02
6.928600000000000136e+02 3.519644450860059948e-02
6.938400000000000318e+02 3.546543111174272483e-02
6.948199999999999363e+02 3.585023227380931127e-02
6.957999999999999545e+02 3.511097581370595244e-02
6.967799999999999727e+02 3.549600020586800991e-02
6.977599999999999909e+02 3.533646876203044851e-02
6.987400000000000091e+02 3.613903953516534734e-02
6.997200000000000273e+02 3.528111468708078347e-02
7.006999999999999318e+02 3.557097249450050930e-02
7.016799999999999500e+02 3.595498818661444634e-02
7.026599999999999682e+02 3.612821456344636473e-02
7.036399999999999864e+02 3.578142598542929237e-02
7.046200000000000045e+02 3.588343877024686296e-02
7.056000000000000227e+02 3.630881581645781925e-02
7.065800000000000409e+02 3.631394052550317164e-02
7.075599999999999454e+02 3.662180123060222031e-02
7.085399999999999636e+02 3.596721838092376694e-02
7.095199999999999818e+02 3.626093460526250145e-02
7.105000000000000000e+02 3.590465024142037304e-02
7.114800000000000182e+02 3.612284431777271210e-02
7.124600000000000364e+02 3.676645971867536361e-02
7.134399999999999409e+02 3.674696075909448384e-02
7.144199999999999591e+02 3.642290103090163600e-02
7.153999999999999773e+02 3.640605470053936976e-02
7.163799999999999955e+02 3.665215640092123889e-02
7.173600000000000136e+02 3.680859662382979236e-02
7.183400000000000318e+02 3.659508972702045504e-02
7.193199999999999363e+02 3.637355435875616605e-02
7.202999999999999545e+02 3.720753342814402120e-02
7.212799999999999727e+02 3.732890910775570753e-02
7.222599999999999909e+02 3.708683514635025685e-02
7.232400000000000091e+02 3.687310606394804402e-02
7.242200000000000273e+02 3.738946437218998442e-02
7.251999999999999318e+02 3.726716209500079841e-02
7.261799999999999500e+02 3.704188250815725753e-02
7.271599999999999682e+02 3.695884529015348169e-02
7.281399999999999864e+02 3.734498621905695676e-02
7.291200000000000045e+02 3.694832565214416914e-02
7.301000000000000227e+02 3.698766986879738899e-02
7.310800000000000409e+02 3.665571142050827458e-02
7.320599999999999454e+02 3.745314713973058734e-02
7.330399999999999636e+02 3.750098093532779758e-02
7.340199999999999818e+02 3.736297208665385200e-02
7.350000000000000000e+02 3.782407289585177496e-02
7.359800000000000182e+02 3.714694746540102982e-02
7.369600000000000364e+02 3.715622505337674158e-02
7.379399999999999409e+02 3.785083506227825134e-02
7.389199999999999591e+02 3.778120710447409325e-02
7.398999999999999773e+02 3.742584972746587635e-02
7.408799999999999955e+02 3.788521065085893869e-02
7.418600000000000136e+02 3.778864056919076925e-02
7.428400000000000318e+02 3.858365794092882828e-02
7.438199999999999363e+02 3.776548362489749039e-02
7.447999999999999545e+02 3.778894141281006341e-02
7.457799999999999727e+02 3.768816141298329120e-02
7.467599999999999909e+02 3.817773847094910189e-02
7.477400000000000091e+02 3.851476467946051557e-02
7.487200000000000273e+02 3.880713450758645905e-02
