#ImageNum,Time,NormRi,NormSigRi
27,0.000000,0.996387,0.002095
28,0.109717,0.999443,0.002106
29,0.219183,1.023344,0.002143
30,0.328650,1.015396,0.002123
31,0.438100,1.007728,0.002111
32,0.547567,0.994069,0.002090
33,0.657017,1.018631,0.002147
34,0.766217,0.990532,0.002093
35,0.875417,0.993065,0.002098
36,0.984367,1.011127,0.002130
37,1.094083,1.020675,0.002129
38,1.203033,1.023925,0.002140
39,1.311700,1.013496,0.002112
40,1.420650,1.012826,0.002120
42,1.638533,1.007324,0.002112
43,1.747200,1.016099,0.002132
44,1.856400,1.020638,0.002135
45,1.965600,1.006444,0.002100
46,2.075067,1.008126,0.002120
47,2.184000,1.024373,0.002143
48,2.293467,1.017724,0.002115
49,2.402933,1.003587,0.002103
50,2.512133,1.003822,0.002107
51,2.621850,1.012063,0.002122
52,2.731300,0.998883,0.002095
53,2.840767,1.027185,0.002137
54,2.950233,1.007193,0.002103
55,3.059950,1.032183,0.002150
56,3.169150,1.018528,0.002120
57,3.278617,1.022536,0.002138
58,3.388333,1.029936,0.002148
59,3.497783,1.003902,0.002108
60,3.607517,1.007439,0.002106
61,3.716967,1.015953,0.002128
62,3.826167,0.993348,0.002085
100,7.989567,0.994420,0.002078
101,8.098767,1.000107,0.002100
102,8.208483,1.006423,0.002112
103,8.317950,1.000625,0.002094
104,8.427417,1.006522,0.002096
105,8.536617,1.007372,0.002105
106,8.645550,1.020315,0.002126
107,8.754500,1.003879,0.002107
108,8.863433,0.991577,0.002082
109,8.972367,1.013632,0.002116
110,9.082350,0.982438,0.002058
111,9.191550,1.015080,0.002119
112,9.300750,1.020288,0.002123
113,9.410217,1.011260,0.002115
114,9.519417,1.016887,0.002117
115,9.628867,1.007777,0.002106
116,9.738600,1.013491,0.002119
117,9.848317,0.993349,0.002071
118,9.957000,1.017108,0.002120
119,10.066967,0.989063,0.002076
120,10.176950,1.007939,0.002109
121,10.286417,1.021848,0.002136
122,10.396133,1.011863,0.002098
123,10.505067,1.012672,0.002105
124,10.614533,1.023771,0.002131
125,10.724250,1.013285,0.002117
126,10.833717,1.037944,0.002149
127,10.943433,1.015210,0.002118
128,11.053150,0.994132,0.002080
129,11.162883,1.003809,0.002092
130,11.272600,1.008626,0.002107
131,11.382050,1.010958,0.002115
132,11.491517,1.009419,0.002117
133,11.600983,1.006789,0.002115
134,11.710433,1.030095,0.002146
135,11.819900,0.993647,0.002076
136,11.929350,0.986549,0.002072
137,12.038817,1.016733,0.002128
138,12.148533,1.032499,0.002151
139,12.257733,0.997339,0.002098
140,12.367200,1.009833,0.002118
141,12.476917,1.019997,0.002130
142,12.586383,0.991209,0.002084
143,12.695833,1.003164,0.002101
144,12.805567,1.026806,0.002148
145,12.915017,1.007092,0.002117
146,13.024217,1.029730,0.002147
147,13.133683,0.997540,0.002091
148,13.242883,0.977827,0.002055
149,13.352333,0.997066,0.002103
150,13.462067,0.984738,0.002071
151,13.571267,0.999414,0.002098
152,13.680983,0.996920,0.002092
153,13.790433,1.013509,0.002128
154,13.900683,1.025499,0.002156
155,14.010400,1.016203,0.002131
156,14.119600,1.003746,0.002100
157,14.229317,1.010980,0.002122
158,14.338783,0.993448,0.002082
159,14.448500,1.012312,0.002120
160,14.557967,0.995024,0.002095
161,14.667167,1.003126,0.002105
162,14.776617,1.001946,0.002099
163,14.886350,0.989618,0.002072
164,14.996067,1.015775,0.002127
165,15.105517,1.032286,0.002149
166,15.215250,1.007526,0.002105
167,15.324700,1.000030,0.002091
168,15.433900,1.007268,0.002114
169,15.543367,0.988197,0.002070
170,15.652817,0.987469,0.002075
171,15.762283,1.004400,0.002109
172,15.871750,1.006233,0.002107
173,15.981200,0.994377,0.002085
174,16.090667,1.006758,0.002107
175,16.200383,1.016450,0.002137
176,16.310100,1.004830,0.002103
177,16.419300,1.022422,0.002414
178,16.529033,0.997001,0.002094
179,16.638233,0.995649,0.002099
180,16.747683,1.003380,0.002092
181,16.857400,1.005872,0.002108
182,16.967650,1.006135,0.002108
183,17.077100,1.007671,0.002104
190,17.843850,1.207728,0.002771
194,18.281683,1.412052,0.003405
195,18.390633,1.418209,0.003377
196,18.499567,1.275009,0.002985
197,18.608767,1.290837,0.002997
198,18.717967,1.310118,0.003043
199,18.827167,1.209580,0.002771
200,18.936117,1.240879,0.002806
201,19.045050,1.214786,0.002765
202,19.154767,1.180836,0.002656
203,19.264233,1.216491,0.002728
204,19.373433,1.141603,0.002524
205,19.482883,1.180022,0.002655
206,19.592350,1.175035,0.002637
207,19.702067,1.191973,0.002649
208,19.811533,1.177930,0.002639
209,19.920733,1.109783,0.002374
210,20.030200,1.060348,0.002251
211,20.139650,1.043116,0.002228
212,20.248850,1.022195,0.002136
213,20.358317,1.006953,0.002111
214,20.467767,1.025177,0.002140
215,20.577233,1.017883,0.002139
216,20.686700,1.014452,0.002124
217,20.796150,1.020533,0.002132
218,20.905617,1.022975,0.002133
219,21.014817,1.014627,0.002126
220,21.124267,1.001082,0.002102
221,21.233467,1.028655,0.002144
222,21.343200,1.018645,0.002123
223,21.452650,0.999958,0.002102
224,21.561850,1.007583,0.002104
225,21.671317,1.028158,0.002154
226,21.781033,1.001179,0.002094
227,21.890500,1.036894,0.002165
228,22.000217,1.045510,0.002164
229,22.109933,1.007597,0.002110
230,22.219400,1.030668,0.002140
231,22.328850,1.027485,0.002141
232,22.438317,0.986028,0.002068
233,22.547517,1.005968,0.002106
234,22.656983,0.998474,0.002099
235,22.766700,1.019893,0.002128
236,22.876150,1.002170,0.002100
237,22.985883,1.009566,0.002118
238,23.095333,1.007310,0.002102
239,23.204800,1.007661,0.002105
240,23.314000,1.010250,0.002113
241,23.423717,1.011269,0.002120
242,23.532917,0.991135,0.002080
243,23.642383,1.010382,0.002116
244,23.751833,1.001357,0.002096
245,23.861300,1.026551,0.002138
246,23.970767,1.016069,0.002114
247,24.079967,1.003057,0.002097
248,24.189167,1.011263,0.002110
249,24.298617,1.036383,0.002154
250,24.408083,0.993003,0.002078
251,24.517283,1.022950,0.002129
252,24.627000,1.009417,0.002109
253,24.736467,1.004350,0.002099
254,24.845667,1.016898,0.002127
255,24.955117,0.984891,0.002074
256,25.064583,1.018626,0.002154
257,25.174033,0.999402,0.002093
258,25.283500,1.016032,0.002123
259,25.393217,1.011220,0.002107
260,25.502683,1.001396,0.002087
261,25.612133,1.002373,0.002104
262,25.721867,1.008233,0.002104
263,25.831067,1.026229,0.002138
264,25.940517,1.035954,0.002152
265,26.050250,1.036110,0.002159
266,26.159183,1.019791,0.002122
267,26.268650,1.007563,0.002115
268,26.378367,1.024951,0.002144
269,26.487567,1.013816,0.002111
270,26.597283,1.014595,0.002117
271,26.707000,1.010985,0.002110
272,26.816200,1.013736,0.002130
273,26.925667,0.989682,0.002087
274,27.035383,1.011912,0.002114
275,27.144583,0.979700,0.002068
276,27.254300,1.022119,0.002143
277,27.363767,1.005965,0.002114
278,27.472967,0.995713,0.002102
279,27.582417,1.015519,0.002128
280,27.692150,1.005460,0.002111
281,27.801350,0.952820,0.002020
282,27.911067,0.992937,0.002096
283,28.020783,0.995211,0.002093
284,28.130250,1.031196,0.002154
285,28.239967,0.976665,0.002056
286,28.349433,0.975455,0.002067
287,28.458633,0.983736,0.002071
288,28.568083,0.972832,0.002051
289,28.677283,1.003898,0.002093
290,28.786483,1.006834,0.002120
291,28.895950,1.005191,0.002103
292,29.005667,1.004057,0.002106
293,29.115133,0.984856,0.002073
294,29.224850,1.232692,0.002795
295,29.334567,1.216522,0.002745
296,29.444283,1.175565,0.002618
297,29.553483,1.154097,0.002548
298,29.662950,1.072983,0.002294
299,29.772667,1.063000,0.002240
300,29.881867,1.011113,0.002123
301,29.991333,1.020332,0.002135
302,30.101050,1.007864,0.002121
303,30.210767,1.003194,0.002102
304,30.320233,0.998328,0.002093
305,30.429950,0.998379,0.002084
306,30.539417,0.995389,0.002089
307,30.648617,1.009987,0.002102
308,30.758333,1.012361,0.002103
309,30.867783,0.991693,0.002086
310,30.977250,0.994989,0.002081
311,31.086450,0.989092,0.002076
312,31.195917,1.009871,0.002118
313,31.305367,1.010841,0.002115
314,31.414833,0.986231,0.002059
315,31.523767,1.022493,0.002132
316,31.632450,1.001856,0.002097
317,31.741650,1.020796,0.002134
318,31.851367,1.022159,0.002133
319,31.961100,1.025207,0.002142
320,32.070550,1.017826,0.002116
321,32.180017,1.011158,0.002109
322,32.289733,1.011640,0.002113
323,32.399717,1.018278,0.002129
324,32.509433,1.031623,0.002146
325,32.618900,1.013354,0.002126
326,32.728350,0.995563,0.002082
327,32.837817,1.038479,0.002155
328,32.947267,1.006771,0.002105
329,33.057000,1.019761,0.002127
330,33.166450,1.015433,0.002119
331,33.275917,0.990894,0.002084
332,33.385117,1.025633,0.002143
333,33.494583,1.000355,0.002082
334,33.603783,1.002087,0.002094
335,33.713233,1.020395,0.002133
336,33.822183,1.016342,0.002118
337,33.931117,1.023832,0.002135
338,34.040317,1.000640,0.002103
339,34.149783,1.031059,0.002156
340,34.259500,1.010983,0.002116
341,34.368950,1.021232,0.002139
342,34.478150,1.006579,0.002106
343,34.587617,1.018750,0.002127
344,34.697083,1.016058,0.002121
345,34.806800,1.006675,0.002108
346,34.916517,1.009612,0.002111
347,35.025717,0.991660,0.002085
348,35.135183,1.027863,0.002144
349,35.244633,0.990624,0.002077
350,35.353833,1.011765,0.002114
351,35.463300,1.039180,0.002166
352,35.572767,1.028920,0.002150
353,35.681967,1.041652,0.002175
354,35.791417,1.010473,0.002108
355,35.900883,0.991665,0.002091
356,36.010333,1.008561,0.002105
357,36.119800,1.009775,0.002107
358,36.229517,1.004494,0.002103
359,36.338717,0.986318,0.002070
360,36.448433,0.985157,0.002066
361,36.558167,1.011667,0.002112
362,36.668133,1.020449,0.002131
363,36.777333,1.000014,0.002098
364,36.887067,1.005742,0.002107
365,36.996783,1.022547,0.002132
366,37.106250,1.013166,0.002111
367,37.215700,1.009658,0.002116
368,37.325417,1.017357,0.002134
369,37.434617,1.007029,0.002105
370,37.544083,1.021083,0.002127
371,37.653800,1.005490,0.002094
372,37.763267,1.030427,0.002142
373,37.872717,1.008039,0.002107
374,37.982450,1.005454,0.002095
375,38.091900,1.008486,0.002111
376,38.201367,1.018486,0.002129
377,38.311083,0.981969,0.002059
378,38.420283,1.004941,0.002103
379,38.530000,1.009936,0.002112
380,38.639467,1.023038,0.002140
381,38.749183,1.018287,0.002132
382,38.858650,1.003112,0.002105
383,38.968367,1.196183,0.002697
384,39.078083,1.190764,0.002676
385,39.187550,1.186737,0.002660
386,39.297267,1.271842,0.002904
387,39.406983,1.183599,0.002614
388,39.516700,1.190137,0.002624
389,39.625900,1.061066,0.002266
390,39.735633,1.054093,0.002224
391,39.845083,1.028817,0.002165
392,39.954283,1.027093,0.002154
393,40.064000,1.025798,0.002151
394,40.173467,1.022403,0.002147
395,40.282933,1.014301,0.002131
396,40.392383,1.024339,0.002142
397,40.502100,1.026681,0.002139
398,40.611567,1.022542,0.002146
399,40.721283,1.025224,0.002144
400,40.830750,1.022347,0.002141
401,40.940217,1.018125,0.002137
402,41.049667,1.032708,0.002154
403,41.159383,1.005511,0.002108
404,41.268583,1.002598,0.002101
405,41.378050,1.003665,0.002109
406,41.487517,1.002712,0.002098
407,41.596967,1.029980,0.002154
408,41.706433,1.003214,0.002107
409,41.816150,1.017199,0.002122
410,41.925617,1.037948,0.002164
411,42.035067,0.996950,0.002088
412,42.144533,1.013054,0.002118
413,42.253467,1.003875,0.002114
414,42.363183,1.015761,0.002139
415,42.472917,1.019368,0.002137
416,42.582367,1.009759,0.002122
417,42.691833,1.004807,0.002119
418,42.801550,0.996855,0.002103
419,42.911267,1.019393,0.002142
420,43.020467,0.995615,0.002095
421,43.130200,0.998974,0.002102
422,43.239917,1.031973,0.002147
423,43.349367,1.014558,0.002124
424,43.459100,1.026723,0.002149
425,43.568300,1.001375,0.002108
426,43.677750,1.007474,0.002115
427,43.787217,1.040399,0.002177
428,43.896667,0.994142,0.002092
429,44.006133,1.004750,0.002113
430,44.115333,1.027664,0.002154
431,44.225050,1.011585,0.002115
432,44.334250,0.980224,0.002063
433,44.443967,0.998237,0.002093
434,44.553700,0.999336,0.002099
435,44.663150,1.015619,0.002120
436,44.772617,1.001589,0.002104
437,44.882333,0.991510,0.002087
438,44.991800,0.999392,0.002097
439,45.101517,1.003552,0.002106
440,45.210983,1.005986,0.002115
441,45.320700,0.982991,0.002067
442,45.430150,1.003445,0.002114
443,45.539883,0.999226,0.002104
444,45.649600,1.005930,0.002110
445,45.759050,0.993324,0.002082
446,45.868517,1.013869,0.002118
447,45.978233,1.016789,0.002118
448,46.087950,1.005048,0.002107
449,46.197417,1.029635,0.002150
450,46.307133,1.008130,0.002115
451,46.416850,0.996284,0.002093
452,46.526050,1.026322,0.002156
453,46.635517,0.992180,0.002079
454,46.745233,1.017629,0.002131
455,46.854700,1.020058,0.002140
456,46.964167,1.038200,0.002180
457,47.073617,1.033986,0.002159
458,47.183083,1.011880,0.002110
459,47.292533,0.999281,0.002095
460,47.402000,1.014383,0.002123
461,47.511200,1.013695,0.002117
462,47.620917,1.016993,0.002124
463,47.730383,0.995245,0.002086
464,47.839833,0.999529,0.002098
465,47.949300,0.998602,0.002096
466,48.058767,1.031859,0.002150
467,48.167967,1.011499,0.002114
468,48.277683,0.988038,0.002076
469,48.387133,1.010484,0.002114
470,48.496600,1.023389,0.002127
471,48.606317,1.019184,0.002121
472,48.715783,1.000088,0.002093
473,48.824983,1.025231,0.002138
474,48.934700,1.000890,0.002095
475,49.043900,1.012973,0.002123
476,49.153367,1.019021,0.002133
477,49.262817,1.015564,0.002128
478,49.372800,1.029987,0.002156
479,49.482517,1.015891,0.002139
480,49.591717,1.029184,0.002161
481,49.701450,1.031500,0.002154
482,49.810900,1.001362,0.002098
483,49.920100,1.015929,0.002122
484,50.029817,0.998497,0.002086
485,50.139800,0.993042,0.002069
486,50.249267,1.017685,0.002131
487,50.358983,0.998474,0.002098
488,50.468450,1.010426,0.002129
489,50.577650,1.014310,0.002131
490,50.687100,1.020446,0.002140
491,50.796567,1.015461,0.002138
492,50.906033,1.014404,0.002130
493,51.015483,0.991666,0.002078
494,51.124950,0.987600,0.002075
495,51.234150,0.996096,0.002094
496,51.343867,0.992615,0.002077
497,51.453333,1.010589,0.002119
498,51.562783,1.006289,0.002111
499,51.672500,1.010253,0.002112
500,51.781967,1.013227,0.002132
501,51.891433,1.038716,0.002178
502,52.000633,0.988647,0.002089
503,52.110350,1.002953,0.002108
504,52.219550,1.008440,0.002126
505,52.328750,1.010369,0.002130
506,52.438467,1.013630,0.002121
507,52.547667,0.993370,0.002108
508,52.656867,1.031837,0.002158
509,52.766333,1.019134,0.002130
510,52.876050,1.014589,0.002119
511,52.985767,0.996931,0.002083
512,53.095483,1.046536,0.002178
513,53.205217,1.008520,0.002116
514,53.314417,1.008820,0.002114
515,53.424133,1.026046,0.002133
516,53.533583,1.009971,0.002113
517,53.643050,1.008787,0.002110
518,53.752767,1.001254,0.002104
519,53.862483,1.004491,0.002112
520,53.971950,0.992539,0.002095
521,54.081417,0.973052,0.002054
522,54.190867,1.001486,0.002099
523,54.300333,1.007386,0.002107
524,54.410050,1.017622,0.002130
525,54.519517,1.016648,0.002123
526,54.628967,0.997103,0.002096
527,54.738433,1.004932,0.002104
528,54.848150,1.016641,0.002128
529,54.957867,1.019483,0.002134
530,55.067067,0.999844,0.002100
531,55.176800,1.011732,0.002125
532,55.286250,1.022727,0.002153
533,55.395967,1.053380,0.002201
534,55.505433,1.028499,0.002146
535,55.615150,1.016149,0.002120
536,55.724350,1.009140,0.002119
537,55.834067,0.990220,0.002082
538,55.943800,0.999967,0.002089
539,56.053250,1.016644,0.002136
540,56.162983,1.030090,0.002149
541,56.272433,1.009498,0.002115
542,56.382150,0.988137,0.002074
543,56.491617,0.994699,0.002100
544,56.601333,1.006558,0.002110
545,56.711050,1.013121,0.002110
546,56.820783,0.998044,0.002094
547,56.930500,1.005074,0.002107
548,57.039950,0.999465,0.002104
549,57.149683,1.011948,0.002124
550,57.259133,1.021705,0.002144
551,57.368850,1.008190,0.002110
552,57.478583,1.010050,0.002113
553,57.588033,1.014868,0.002125
554,57.697233,0.988121,0.002080
555,57.806700,1.011082,0.002124
556,57.916417,0.987102,0.002387
557,58.025883,1.001774,0.002110
558,58.135600,1.001557,0.002107
559,58.245067,1.013574,0.002129
560,58.354517,1.017465,0.002136
561,58.463983,1.020234,0.002145
562,58.573433,1.047698,0.002190
563,58.682633,1.016291,0.002137
564,58.792367,1.035752,0.002172
565,58.901567,1.038754,0.002173
566,59.011017,1.022958,0.002141
567,59.120733,0.986233,0.002087
568,59.229933,1.031154,0.002159
569,59.339400,0.993769,0.002100
570,59.449117,1.003369,0.002112
571,59.558583,1.005020,0.002113
572,59.668033,1.003845,0.002111
573,59.777767,1.011168,0.002132
574,59.886967,1.010426,0.002119
575,59.996417,1.018861,0.002129
576,60.105883,1.012715,0.002120
577,60.215600,1.030610,0.002185
578,60.325067,1.023628,0.002154
579,60.434267,1.005159,0.002111
580,60.543467,1.014922,0.002126
581,60.652667,1.015134,0.002124
582,60.762117,0.985068,0.002086
583,60.871583,0.882534,0.002516
584,60.980783,0.996821,0.002100
585,61.089983,0.962338,0.002412
586,61.199450,0.993769,0.002157
587,61.308650,0.983696,0.002110
588,61.418367,0.999877,0.002131
589,61.527817,0.985600,0.002084
590,61.637550,1.007644,0.002120
591,61.747267,1.006516,0.002120
592,61.856733,1.042735,0.002189
593,61.965933,0.996382,0.002107
594,62.075133,1.006449,0.002125
595,62.184583,1.007162,0.002122
596,62.293533,1.003223,0.002120
597,62.402983,1.000228,0.002119
598,62.512450,1.010847,0.002147
599,62.621650,0.992160,0.002096
600,62.731367,1.005000,0.002128
601,62.840300,0.978127,0.002093
602,62.948983,0.997935,0.002095
603,63.057933,0.994102,0.002090
604,63.166600,1.020915,0.002142
605,63.275550,1.006271,0.002118
606,63.385000,1.000785,0.002111
607,63.494200,1.012618,0.002126
608,63.603150,1.020000,0.002145
609,63.712350,1.010705,0.002124
610,63.821550,1.007251,0.002119
611,63.930483,0.999774,0.002109
612,64.039433,1.001197,0.002110
613,64.149417,1.012936,0.002130
614,64.258350,1.014390,0.002134
615,64.367283,0.996869,0.002115
616,64.476750,1.008322,0.002140
617,64.586217,1.003368,0.002110
618,64.695417,1.012816,0.002120
619,64.804617,1.000315,0.002109
620,64.914067,1.004033,0.002125
621,65.023783,1.021244,0.002145
622,65.132983,1.010418,0.002139
623,65.241933,0.994792,0.002116
624,65.351650,1.012680,0.002122
625,65.460850,0.986482,0.002092
626,65.569800,1.014915,0.002134
627,65.678733,1.008728,0.002125
628,65.788200,0.987111,0.002073
629,65.897650,1.014566,0.002118
630,66.007117,1.010543,0.002126
631,66.116567,1.012151,0.002136
632,66.226300,0.798205,0.001898
633,66.336017,0.844925,0.002142
634,66.445733,0.999102,0.002123
635,66.555450,0.990592,0.002134
636,66.665167,1.007498,0.002224
637,66.774367,0.986641,0.002159
638,66.883833,1.004502,0.002154
639,66.993300,0.984862,0.002141
640,67.102750,1.000328,0.002109
641,67.212467,1.008317,0.002130
642,67.321933,1.006252,0.002115
643,67.431400,1.001296,0.002105
644,67.540850,1.004504,0.002114
645,67.650583,1.027639,0.002155
646,67.759783,1.011291,0.002122
647,67.869500,1.003651,0.002111
648,67.978950,1.010732,0.002127
649,68.088683,1.012483,0.002127
650,68.198133,1.029052,0.002165
651,68.307850,1.104834,0.003369
652,68.417050,0.984321,0.002080
653,68.526517,1.002669,0.002121
654,68.636233,0.987711,0.002100
655,68.745950,1.012468,0.002127
656,68.855150,1.030658,0.002204
657,68.964617,1.065674,0.002268
658,69.074333,1.183283,0.002661
659,69.183533,1.196526,0.002660
660,69.293250,1.155535,0.002545
661,69.402983,1.168689,0.002576
662,69.512183,1.100902,0.002380
663,69.621633,1.059936,0.002261
664,69.731100,1.059468,0.002243
665,69.840300,1.030615,0.002169
666,69.949767,1.017363,0.002139
667,70.059483,1.008919,0.002123
668,70.168933,0.996630,0.002113
669,70.278400,1.005200,0.002120
670,70.388117,1.010017,0.002127
671,70.497317,1.003928,0.002123
672,70.607033,0.998437,0.002111
673,70.716500,0.986907,0.002087
674,70.826217,0.982372,0.002082
675,70.935417,1.011313,0.002144
676,71.044883,1.005622,0.002129
677,71.154600,1.012784,0.002128
678,71.264067,0.985850,0.002087
679,71.373783,1.022891,0.002153
680,71.483500,1.017708,0.002128
681,71.592967,0.999547,0.002096
682,71.702167,1.004339,0.002111
683,71.811883,0.999211,0.002107
684,71.921350,1.020235,0.002144
685,72.031067,1.023155,0.002158
686,72.140783,1.017115,0.002137
687,72.250500,1.018202,0.002148
688,72.359967,1.012634,0.002138
689,72.469417,1.011136,0.002130
690,72.579150,0.998187,0.002111
691,72.688600,1.013590,0.002142
692,72.798067,1.003234,0.002119
693,72.907783,1.003583,0.002116
694,73.017250,1.012542,0.002133
695,73.126450,1.005203,0.002122
696,73.236167,1.013386,0.002135
697,73.345633,0.986493,0.002091
698,73.455083,0.986928,0.002094
699,73.564800,1.005059,0.002122
700,73.674783,1.008371,0.002133
701,73.783983,1.003397,0.002118
702,73.893450,1.017075,0.002144
703,74.003167,0.996247,0.002102
704,74.112100,1.010291,0.002124
705,74.221300,1.003975,0.002115
706,74.330767,1.000444,0.002116
707,74.439967,0.998435,0.002123
708,74.549167,1.004519,0.002121
709,74.658367,1.014858,0.002137
710,74.767567,1.004652,0.002126
711,74.876767,1.000371,0.002123
712,74.985967,0.995977,0.002105
713,75.095167,1.001427,0.002121
714,75.204633,1.005951,0.002122
715,75.313833,1.014230,0.002143
716,75.423550,1.011071,0.002138
717,75.533017,1.011301,0.002134
718,75.642733,1.006741,0.002125
719,75.752183,1.003040,0.002120
720,75.861650,0.996523,0.002104
721,75.970850,0.997499,0.002115
722,76.080567,1.015375,0.002151
723,76.190033,1.000377,0.002129
724,76.299483,1.003943,0.002122
725,76.409217,1.004016,0.002142
726,76.518667,1.003687,0.002136
727,76.628383,0.991186,0.002107
728,76.738117,0.995880,0.002111
729,76.847833,0.996727,0.002120
730,76.957033,0.976552,0.002078
731,77.066500,0.994576,0.002119
732,77.176217,1.003897,0.002116
733,77.285933,0.991293,0.002096
734,77.395400,1.009631,0.002125
735,77.505117,0.994284,0.002098
736,77.614567,1.006588,0.002131
737,77.724300,1.009589,0.002128
738,77.834017,1.004049,0.002125
739,77.943467,1.026460,0.002169
740,78.052933,1.002692,0.002120
741,78.162400,0.999595,0.002121
742,78.272117,0.997818,0.002113
743,78.381567,1.003314,0.002126
744,78.490767,0.978362,0.002076
745,78.600500,0.972525,0.002067
746,78.709950,1.002459,0.002142
747,78.819667,0.985446,0.002112
748,78.929133,1.010694,0.002142
749,79.038600,0.973541,0.002098
750,79.148317,0.998986,0.002124
751,79.258033,1.007006,0.002146
752,79.367750,1.004089,0.002128
753,79.477217,1.007838,0.002136
754,79.586933,1.010478,0.002144
755,79.696650,0.998872,0.002118
756,79.806117,0.990253,0.002109
757,79.915583,0.976807,0.002094
758,80.025033,0.987987,0.002197
759,80.134500,0.985738,0.002110
760,80.243950,1.000043,0.002128
761,80.353417,0.989230,0.002109
762,80.462883,1.004644,0.002146
763,80.572333,1.000757,0.002127
764,80.682050,1.010400,0.002158
765,80.791517,0.992189,0.002116
766,80.900983,1.006281,0.002143
767,81.010433,1.006526,0.002138
768,81.119900,1.003623,0.002125
769,81.229367,0.945379,0.002743
770,81.339083,0.997481,0.002108
771,81.448800,0.996251,0.002108
772,81.558267,0.997480,0.002113
773,81.667983,1.003493,0.002129
774,81.777433,1.010287,0.002131
775,81.886900,0.998894,0.002118
776,81.996100,1.000973,0.002115
777,82.105817,0.986582,0.002087
778,82.215283,0.999314,0.002118
779,82.324733,1.010369,0.002138
780,82.434467,1.001968,0.002125
781,82.543917,1.008771,0.002139
782,82.653383,1.011480,0.002138
783,82.763100,1.005157,0.002140
784,82.872567,0.979851,0.002091
785,82.982017,1.019371,0.002155
786,83.091483,0.998215,0.002116
787,83.200950,0.999091,0.002131
788,83.310667,1.025845,0.002176
789,83.420383,1.003654,0.002136
790,83.530100,0.995894,0.002132
791,83.639817,0.995231,0.002123
792,83.749283,1.011093,0.002169
793,83.859267,1.004808,0.002261
794,83.968983,0.995341,0.002138
795,84.078183,0.988693,0.002118
796,84.187383,1.001680,0.002152
797,84.296850,1.011113,0.002156
798,84.406300,0.986197,0.002103
799,84.516017,1.016244,0.002148
800,84.625483,0.996106,0.002104
801,84.734950,0.814004,0.002443
802,84.844400,0.985435,0.002097
803,84.953867,0.999374,0.002117
804,85.063067,0.986405,0.002099
805,85.172783,1.004555,0.002126
806,85.282250,1.013495,0.002137
807,85.391450,0.997204,0.002120
808,85.501167,0.990858,0.002103
809,85.610883,0.999132,0.002124
810,85.720083,1.009116,0.002134
811,85.829800,0.988386,0.002100
812,85.939533,1.021205,0.002155
813,86.048983,1.013091,0.002149
814,86.158450,1.007016,0.002129
815,86.267900,0.980629,0.002092
816,86.377367,1.007151,0.002140
817,86.486833,1.005850,0.002133
818,86.596550,1.011299,0.002148
819,86.706017,1.026858,0.002170
820,86.815467,1.005140,0.002126
821,86.924933,1.003361,0.002133
822,87.034383,1.009120,0.002136
823,87.143583,1.003919,0.002130
824,87.253317,1.204212,0.002726
825,87.362250,1.126857,0.002465
826,87.471717,1.105973,0.002434
827,87.581167,1.090578,0.002394
828,87.690367,1.008569,0.002156
829,87.799833,1.004151,0.002142
830,87.908767,1.001583,0.002141
831,88.017717,1.001664,0.002132
832,88.127433,0.980539,0.002099
833,88.236883,0.996779,0.002123
834,88.346350,0.994578,0.002118
835,88.456600,0.988720,0.002108
836,88.566567,0.996192,0.002118
837,88.676300,1.006945,0.002140
838,88.785500,0.999557,0.002129
839,88.895217,0.991783,0.002107
840,89.004667,0.971993,0.002066
841,89.114133,0.995354,0.002111
842,89.223850,1.002382,0.002129
843,89.333567,0.982599,0.002093
844,89.443300,0.999449,0.002154
845,89.552750,0.990569,0.002096
846,89.662467,1.016845,0.002150
847,89.771933,1.012412,0.002150
848,89.881400,1.003277,0.002131
849,89.991117,1.000807,0.002121
850,90.100050,0.995607,0.002116
851,90.209767,0.995725,0.002115
852,90.319233,1.010090,0.002140
853,90.428700,1.005928,0.002127
854,90.538417,0.989520,0.002100
855,90.647883,1.017804,0.002151
856,90.757333,1.017548,0.002155
857,90.867050,1.006825,0.002136
858,90.976517,1.017136,0.002154
859,91.085717,1.015990,0.002153
860,91.195433,1.006253,0.002134
861,91.305150,1.004992,0.002131
862,91.414883,1.010439,0.002133
863,91.524083,1.023703,0.002150
864,91.633800,1.004325,0.002127
865,91.743517,1.000149,0.002115
866,91.852983,1.019372,0.002153
867,91.962433,1.007763,0.002134
868,92.071900,0.999936,0.002122
869,92.181367,0.985145,0.002088
870,92.291083,0.989864,0.002119
871,92.400800,1.003858,0.002153
872,92.510517,1.009984,0.002148
873,92.619983,1.006682,0.002134
874,92.729700,1.001293,0.002124
875,92.839417,1.026475,0.002163
876,92.948883,0.993317,0.002106
877,93.057817,1.000914,0.002133
878,93.167283,1.004704,0.002128
879,93.276733,1.000722,0.002125
880,93.386200,0.989198,0.002116
881,93.495917,1.003534,0.002130
882,93.605383,1.013472,0.002145
883,93.714833,0.993307,0.002115
884,93.824567,1.006096,0.002131
885,93.933767,1.016165,0.002148
886,94.044000,0.998893,0.002117
887,94.153467,0.999897,0.002121
888,94.263183,0.991002,0.002110
889,94.372900,0.992200,0.002102
890,94.482100,1.003530,0.002124
891,94.591817,1.015466,0.002151
892,94.701283,0.999009,0.002123
893,94.810750,1.017379,0.002159
894,94.920467,0.989906,0.002116
895,95.029917,0.984985,0.002102
896,95.139117,1.010188,0.002144
897,95.248850,0.991470,0.002111
898,95.358050,0.985446,0.002090
899,95.467250,0.993138,0.002122
900,95.576967,1.001462,0.002130
901,95.686417,1.009315,0.002135
902,95.795883,0.988602,0.002111
903,95.905350,0.993458,0.002118
904,96.014550,1.006184,0.002141
905,96.124533,1.007446,0.002144
906,96.234250,1.002906,0.002136
907,96.343967,1.010375,0.002133
908,96.453950,1.005178,0.002131
909,96.563400,1.008142,0.002134
910,96.672867,0.996896,0.002120
911,96.782333,0.999496,0.002128
912,96.891783,1.013108,0.002145
913,97.001500,1.003845,0.002118
914,97.110700,0.992056,0.002108
915,97.220167,0.994817,0.002115
916,97.329633,1.011135,0.002139
917,97.439083,0.996828,0.002129
918,97.548800,1.012644,0.002145
919,97.658533,1.030731,0.002193
920,97.768250,1.044827,0.002233
921,97.877717,1.011048,0.002161
922,97.987433,1.015089,0.002161
923,98.097150,1.006890,0.002141
924,98.206617,1.019019,0.002164
925,98.316333,1.003214,0.002142
926,98.426050,1.002062,0.002129
927,98.535767,1.010090,0.002128
928,98.645233,1.007315,0.002131
929,98.754950,1.012950,0.002143
930,98.864667,0.991224,0.002101
931,98.974133,1.014629,0.002148
932,99.083850,0.996158,0.002118
933,99.193567,0.995540,0.002123
934,99.303283,0.996565,0.002132
935,99.412483,1.018561,0.002155
936,99.522217,1.005370,0.002134
937,99.631667,1.025881,0.002168
938,99.741133,1.010929,0.002144
939,99.850600,1.007941,0.002135
940,99.960317,0.989454,0.002104
941,100.069767,0.994510,0.002111
942,100.179500,0.999456,0.002126
943,100.288950,1.002228,0.002121
944,100.398150,1.004162,0.002124
945,100.507867,0.985980,0.002086
946,100.617600,0.991878,0.002106
947,100.727050,0.999646,0.002132
948,100.836517,0.996263,0.002108
949,100.945967,1.004220,0.002132
950,101.055700,0.986448,0.002099
951,101.165150,1.011911,0.002137
952,101.274867,1.021488,0.002169
953,101.384600,1.000309,0.002119
954,101.494317,1.011825,0.002139
955,101.603783,1.027607,0.002174
956,101.713233,1.005458,0.002133
957,101.822433,0.984316,0.002088
958,101.931633,1.008029,0.002135
959,102.041350,1.011078,0.002158
960,102.150817,0.999574,0.002136
961,102.260533,1.008729,0.002141
962,102.370000,1.004609,0.002130
963,102.479450,1.011293,0.002141
964,102.588917,1.003511,0.002129
965,102.698633,1.002898,0.002135
966,102.808350,1.006318,0.002139
967,102.917550,1.011317,0.002152
968,103.027283,0.983715,0.002093
969,103.136733,1.009659,0.002148
970,103.245933,0.982258,0.002090
971,103.355650,1.000831,0.002130
972,103.465900,1.031238,0.002180
1000,106.533900,1.003437,0.002131
1001,106.643367,0.986104,0.002091
1002,106.752817,0.999403,0.002121
1003,106.862550,1.010227,0.002143
1004,106.972267,0.995103,0.002123
1005,107.081983,1.015574,0.002195
1006,107.191450,1.000129,0.002142
1007,107.300650,1.014051,0.002156
1008,107.410100,0.998796,0.002131
1009,107.519300,0.992034,0.002117
1010,107.628767,0.991445,0.002115
1011,107.738483,0.999068,0.002130
1012,107.847683,1.013385,0.002144
1013,107.957400,1.003432,0.002122
1014,108.067650,1.014260,0.002144
1015,108.177367,1.019234,0.002157
1016,108.286833,0.998052,0.002113
1017,108.396550,0.999391,0.002118
1018,108.506000,1.006084,0.002125
1019,108.615467,1.021144,0.002151
1020,108.724667,0.998980,0.002121
1021,108.834133,1.015178,0.002143
1022,108.943583,1.002383,0.002125
1023,109.053050,1.004487,0.002131
1024,109.161983,1.025529,0.002176
1025,109.271450,1.000477,0.002125
1026,109.380650,1.010278,0.002149
1027,109.545750,1.016609,0.002154
1028,109.654683,1.006455,0.002132
1029,109.764150,1.003716,0.002121
1030,109.873350,0.985989,0.002114
1031,109.982283,0.997753,0.002156
1032,110.091750,0.983066,0.002124
1033,110.200950,0.967375,0.002111
1034,110.310667,0.978983,0.002136
1035,110.420133,0.986178,0.002124
1036,110.529583,1.000630,0.002129
1037,110.639317,1.009497,0.002144
1038,110.749033,1.003596,0.002133
1039,110.858483,0.991491,0.002118
1040,110.967950,1.011906,0.002154
1041,111.077667,1.018204,0.002160
1042,111.186867,0.996939,0.002127
1043,111.296600,0.987157,0.002095
1044,111.406050,1.002046,0.002133
1045,111.515250,1.005866,0.002133
1046,111.624717,1.000174,0.002123
1047,111.734167,1.001357,0.002126
1048,111.843633,1.004014,0.002128
1049,111.953350,1.000609,0.002131
1050,112.063067,1.008308,0.002144
1051,112.172800,0.997803,0.002124
1052,112.282250,0.987568,0.002110
1053,112.391450,1.017235,0.002157
1054,112.501167,0.997391,0.002118
1055,112.610367,1.009726,0.002145
1056,112.719833,0.997967,0.002123
1057,112.829550,0.994826,0.002123
1058,112.939017,1.008878,0.002140
1059,113.048483,1.012394,0.002153
1060,113.158200,0.988581,0.002100
1061,113.267917,1.004053,0.002130
1062,113.377633,0.985964,0.002102
1063,113.486833,0.984007,0.002101
1064,113.596550,0.989028,0.002106
1065,113.706017,1.011604,0.002144
1066,113.815483,0.991834,0.002110
1067,113.924683,0.984296,0.002097
1068,114.034133,0.992663,0.002112
1069,114.143850,1.003980,0.002134
1070,114.253317,1.015080,0.002152
1071,114.363033,1.028655,0.002167
1072,114.472500,1.004967,0.002131
1073,114.582217,1.004625,0.002132
1074,114.691683,0.999648,0.002124
1075,114.801133,1.020389,0.002165
1076,114.910600,1.011381,0.002145
1077,115.019800,1.004519,0.002139
1078,115.129267,1.019616,0.002163
1079,115.238983,0.999636,0.002134
1080,115.348433,1.010064,0.002159
1081,115.458167,0.995531,0.002120
1082,115.567883,0.999109,0.002123
1083,115.677333,1.008216,0.002151
1084,115.787067,1.004948,0.002142
1085,115.896517,1.003249,0.002134
1086,116.006500,1.009454,0.002141
1087,116.115967,0.998473,0.002131
1088,116.225683,0.981778,0.002087
1089,116.335133,1.011970,0.002157
1090,116.444333,1.012959,0.002148
1091,116.553533,0.991768,0.002114
1092,116.663267,1.002878,0.002130
1093,116.772717,1.007303,0.002135
1094,116.881917,1.009020,0.002150
1095,116.991650,1.002411,0.002136
1096,117.100850,0.992456,0.002118
1097,117.210567,1.013097,0.002147
1098,117.320017,1.005463,0.002137
1099,117.429483,1.010224,0.002154
1100,117.538683,1.017148,0.002160
1101,117.648150,1.016017,0.002160
1102,117.757600,1.008936,0.002148
1103,117.866800,0.995752,0.002124
1104,117.976000,0.995479,0.002126
1105,118.085200,1.005599,0.002144
1106,118.194667,1.013696,0.002161
1107,118.303600,0.996169,0.002121
1108,118.413067,1.000366,0.002129
1109,118.522000,0.995547,0.002116
1110,118.631200,1.008413,0.002141
1111,118.740667,0.991772,0.002114
1112,118.849867,0.999511,0.002129
1113,118.959333,0.994819,0.002126
1114,119.068267,1.027902,0.002179
1115,119.177200,0.998989,0.002125
1116,119.286150,0.999124,0.002126
1117,119.395350,0.991153,0.002116
1118,119.504800,1.003327,0.002143
1119,119.614000,1.008039,0.002152
1120,119.723733,1.024650,0.002175
1121,119.833450,0.996528,0.002125
1122,119.942900,0.990411,0.002119
1123,120.052633,0.990888,0.002111
1124,120.162083,0.986899,0.002106
1125,120.271800,1.006819,0.002155
1126,120.381267,1.005592,0.002148
1127,120.490983,0.994670,0.002131
1128,120.600450,0.992599,0.002114
1129,120.709917,1.007852,0.002146
1130,120.819367,0.998804,0.002130
1131,120.928833,0.999575,0.002125
1132,121.038033,0.997920,0.002130
1133,121.147483,1.000731,0.002129
1134,121.256950,0.991411,0.002111
1135,121.366417,1.025356,0.002183
1136,121.475867,0.987390,0.002105
1137,121.585333,0.993794,0.002131
1138,121.694533,1.010455,0.002151
1139,121.803467,1.007944,0.002140
1140,121.912933,0.991532,0.002121
1141,122.022383,0.995138,0.002122
1142,122.132117,1.009697,0.002142
1143,122.241833,0.988336,0.002104
1144,122.351033,0.998992,0.002130
1145,122.460483,0.989463,0.002129
1146,122.570217,1.016506,0.002158
1147,122.679417,0.988308,0.002106
1148,122.788867,0.985092,0.002108
1149,122.898600,1.001161,0.002139
1150,123.008050,0.988090,0.002110
1151,123.117767,0.984811,0.002097
1152,123.227500,0.989980,0.002113
1153,123.336700,1.002894,0.002134
1154,123.445900,1.030007,0.002218
1155,123.555617,1.046370,0.002234
1156,123.664817,1.012500,0.002163
1157,123.774267,0.983297,0.002104
1158,123.884000,1.005614,0.002152
1159,123.993450,0.983902,0.002106
1160,124.103167,0.987387,0.002108
1161,124.212633,1.001292,0.002136
1162,124.321833,1.001673,0.002161
1163,124.431300,1.003880,0.002145
1164,124.541017,0.984908,0.002109
1165,124.650733,0.978805,0.002094
1166,124.759933,1.010146,0.002147
1167,124.869650,1.001385,0.002136
1168,124.979383,1.013535,0.002161
1169,125.088833,0.993312,0.002126
1170,125.198550,0.987595,0.002105
1171,125.307750,0.992656,0.002121
1172,125.417217,0.997216,0.002147
1173,125.526933,0.991609,0.002130
1174,125.636650,0.979008,0.002088
1175,125.746633,0.984562,0.002102
1176,125.856350,1.014447,0.002155
1177,125.965817,0.973161,0.002084
1178,126.075283,0.982986,0.002092
1179,126.184733,0.976385,0.002087
1180,126.294467,0.999076,0.002145
1181,126.404183,0.995490,0.002135
1182,126.513383,0.983165,0.002118
1183,126.622833,0.996044,0.002132
1184,126.732567,1.010427,0.002158
1185,126.841500,1.000265,0.002143
1186,126.951217,0.980931,0.002091
1187,127.060683,1.004199,0.002133
1188,127.170133,0.995196,0.002127
1189,127.279600,0.975240,0.002093
1190,127.389317,0.995758,0.002124
1191,127.498783,0.989555,0.002106
1192,127.608233,0.998913,0.002131
1193,127.717700,0.984087,0.002102
1194,127.827167,0.998716,0.002130
1195,127.936617,0.987302,0.002108
1196,128.045817,1.002443,0.002143
1197,128.155533,0.991830,0.002128
1198,128.265000,0.992616,0.002127
1199,128.374717,1.005975,0.002156
1200,128.484700,0.991272,0.002122
1201,128.593900,0.977673,0.002107
1202,128.703367,0.998115,0.002153
1203,128.813083,0.991840,0.002136
1204,128.922800,0.998722,0.002162
1205,129.032267,1.001782,0.002155
1206,129.141717,1.005453,0.002155
1207,129.251183,1.009906,0.002174
1208,129.360900,1.143682,0.002616
1209,129.470367,1.148491,0.002639
1210,129.579567,1.146696,0.002633
1211,129.689017,1.139892,0.002624
1212,129.798217,1.146479,0.002625
1213,129.907683,1.139314,0.002629
1214,130.016617,1.177525,0.002711
1215,130.126350,1.197762,0.002773
1216,130.235800,1.155300,0.002658
1217,130.345267,1.190708,0.002763
1218,130.454733,1.170931,0.002701
1219,130.563933,1.183251,0.002706
1220,130.673133,1.159862,0.002656
1221,130.782333,1.122610,0.002579
1222,130.892050,1.140211,0.002612
1223,131.001500,1.150537,0.002641
1224,131.111483,1.245317,0.002919
1225,131.220950,0.977791,0.002094
1226,131.330400,0.969947,0.002082
1227,131.439867,0.987509,0.002115
1228,131.549067,0.963846,0.002073
1229,131.658533,0.987013,0.002114
1230,131.767983,0.974957,0.002089
1231,131.877183,0.991935,0.002119
1232,131.986917,0.997079,0.002134
1233,132.096633,1.002925,0.002140
1234,132.207133,0.977922,0.002106
1235,132.316583,0.968984,0.002081
1236,132.426317,1.001970,0.002145
1237,132.535767,0.990056,0.002128
1238,132.645233,0.986789,0.002126
1239,132.754950,0.975548,0.002101
1240,132.864667,0.992032,0.002138
1241,132.974133,0.976858,0.002100
1242,133.083850,0.993592,0.002128
1243,133.193567,0.979595,0.002125
1244,133.303283,0.989121,0.002113
1245,133.412750,0.997894,0.002141
1246,133.522217,0.975082,0.002090
1247,133.631933,1.006977,0.002152
1248,133.741383,0.977368,0.002092
1249,133.851117,0.967264,0.002068
1250,133.960833,0.979397,0.002098
1251,134.070550,0.979044,0.002097
1252,134.180267,0.978116,0.002116
1253,134.289733,0.979235,0.002106
1254,134.399200,0.975782,0.002101
1255,134.508400,0.963953,0.002075
1256,134.617850,0.969847,0.002090
1257,134.727567,0.989903,0.002129
1258,134.837033,0.980274,0.002110
1259,134.946750,0.980026,0.002197
1260,135.056217,0.978919,0.002101
1261,135.165667,0.963082,0.002068
1262,135.275133,0.977807,0.002130
1263,135.384850,0.985264,0.002120
1264,135.493800,0.981322,0.002112
1265,135.603000,0.978297,0.002107
1266,135.712717,0.977305,0.002102
1267,135.822183,0.968551,0.002086
1268,135.931900,0.979821,0.002108
1269,136.041350,0.963823,0.002080
1270,136.150817,0.979037,0.002109
1271,136.260283,0.967191,0.002091
1272,136.370000,0.986196,0.002128
1273,136.479717,0.956253,0.002067
1274,136.589433,0.972871,0.002089
1275,136.698900,0.980396,0.002107
1276,136.808350,0.977503,0.002102
1277,136.917817,0.968082,0.002087
1278,137.027283,0.960607,0.002068
1279,137.137000,0.970018,0.002091
1280,137.246200,0.973890,0.002092
1281,137.355650,0.993900,0.002131
1282,137.465383,0.976741,0.002103
1283,137.574833,0.975151,0.002098
1284,137.685083,0.965231,0.002085
1285,137.794533,0.972145,0.002103
1286,137.904267,0.950104,0.002067
1287,138.013717,0.979490,0.002117
1288,138.123433,0.955767,0.002102
1289,138.232900,0.999214,0.002165
1290,138.342100,0.954630,0.002060
1291,138.451567,0.982449,0.002119
1292,138.561533,0.958625,0.002070
1293,138.671000,0.972109,0.002101
1294,138.780467,0.975874,0.002105
1295,138.889917,0.982013,0.002112
1296,138.999383,0.965684,0.002076
1297,139.108833,0.990498,0.002131
1298,139.218567,0.956138,0.002061
1299,139.328283,0.964834,0.002082
1300,139.437733,0.959054,0.002070
1301,139.547467,0.992913,0.002142
1302,139.656917,0.973718,0.002095
1303,139.766117,0.987074,0.002135
1304,139.875583,0.966826,0.002084
1305,139.985300,0.965965,0.002087
1306,140.095017,0.959819,0.002076
1307,140.204217,0.981364,0.002115
1308,140.313950,0.972298,0.002102
1309,140.423667,0.965244,0.002076
1310,140.533383,0.983250,0.002110
1311,140.642850,0.967449,0.002090
1312,140.752567,0.972381,0.002092
1313,140.862017,0.963358,0.002081
1314,140.971483,0.998838,0.002150
1315,141.081200,0.971744,0.002100
1316,141.190667,0.970652,0.002101
1317,141.300383,0.969259,0.002097
1318,141.410100,0.977941,0.002096
1319,141.519300,0.979603,0.002106
1320,141.628767,0.981235,0.002120
1321,141.738233,0.950932,0.002057
1322,141.847683,0.963197,0.002090
1323,141.956883,0.981414,0.002118
1324,142.066350,0.978192,0.002118
1325,142.175550,0.984690,0.002120
1326,142.285000,0.970271,0.002096
1327,142.394733,0.984176,0.002118
1328,142.504450,0.976509,0.002106
1329,142.613900,0.962229,0.002078
1330,142.723367,0.971523,0.002093
1331,142.832567,0.966723,0.002084
1332,142.942033,0.964257,0.002090
1333,143.051750,0.969690,0.002099
1334,143.161200,0.946471,0.002044
1335,143.270933,1.008350,0.002160
1336,143.380383,0.970052,0.002101
1337,143.489583,0.962274,0.002074
1338,143.599050,0.980519,0.002124
1339,143.708517,0.980133,0.002109
1340,143.817967,0.985450,0.002123
1341,143.927433,0.977637,0.002100
1342,144.037150,0.970493,0.002089
1343,144.146350,0.986797,0.002116
1344,144.255817,0.970682,0.002096
1345,144.365533,0.961660,0.002075
1346,144.474467,0.964279,0.002079
1347,144.584183,0.977331,0.002109
1348,144.693917,0.960730,0.002084
1349,144.803633,0.954679,0.002081
1350,144.913083,0.982186,0.002125
1351,145.022817,0.970681,0.002093
1352,145.132533,0.960945,0.002073
1353,145.241983,0.967014,0.002085
1354,145.352233,0.979291,0.002109
1355,145.461950,0.964753,0.002086
1356,145.571667,0.972910,0.002108
1357,145.680867,0.994371,0.002150
1358,145.790333,0.960020,0.002075
1359,145.900050,0.967984,0.002099
1360,146.009517,0.977362,0.002127
1361,146.118967,0.978523,0.002121
1362,146.228700,0.987802,0.002127
1363,146.338150,0.965518,0.002100
1364,146.447617,0.981401,0.002130
1365,146.557600,0.969806,0.002103
1366,146.667317,0.980257,0.002118
1367,146.776517,0.967711,0.002089
1368,146.886233,0.974778,0.002105
1369,146.995950,0.970787,0.002100
1370,147.105417,0.974715,0.002102
1371,147.214883,1.006474,0.002166
1372,147.324333,0.996387,0.002147
1373,147.433800,0.964328,0.002093
1374,147.543517,0.971024,0.002098
1375,147.652983,0.967904,0.002090
1376,147.762433,0.982642,0.002128
1377,147.872150,0.976463,0.002120
1378,147.981883,0.958853,0.002081
1379,148.091333,0.976386,0.002122
1380,148.201050,0.976775,0.002113
1381,148.310517,0.971488,0.002104
1382,148.420233,0.974432,0.002104
1384,148.638900,0.935575,0.002037
1385,148.748350,0.970068,0.002091
1386,148.857817,0.967892,0.002112
1387,148.967283,0.942461,0.002054
1388,149.076733,0.954945,0.002082
1389,149.186200,0.952821,0.002072
1390,149.295400,0.989747,0.002143
1391,149.405117,0.975449,0.002104
1392,149.514317,0.973969,0.002096
1393,149.623517,0.959995,0.002086
1394,149.733233,0.966208,0.002088
1395,149.842700,0.981862,0.002121
1396,149.952417,0.972534,0.002119
1397,150.061883,0.965528,0.002105
1398,150.171083,0.931123,0.002035
1399,150.280800,0.976256,0.002113
1400,150.390517,0.959722,0.002091
1401,150.500233,0.961075,0.002082
1402,150.609700,0.960599,0.002092
1403,150.719167,0.980326,0.002123
1404,150.828617,0.957131,0.002088
1405,150.938333,0.991616,0.002140
1406,151.048067,0.970865,0.002095
1407,151.157783,0.989445,0.002136
1408,151.267250,0.952665,0.002072
1409,151.376700,0.975055,0.002112
1410,151.486417,0.986053,0.002129
1411,151.595883,0.979477,0.002122
1412,151.705350,0.960354,0.002095
1413,151.815067,0.963015,0.002093
1415,152.033983,0.976272,0.002112
1416,152.143700,0.949369,0.002069
1417,152.253417,0.983349,0.002137
1418,152.362883,0.963506,0.002095
1419,152.472350,0.960185,0.002085
1420,152.582067,0.946702,0.002064
1421,152.691517,0.982445,0.002127
1422,152.801250,0.990188,0.002140
1423,152.910967,0.969371,0.002105
1424,153.020433,0.959902,0.002101
1425,153.129633,0.938404,0.002048
1426,153.239350,0.984167,0.002142
1427,153.348550,0.971403,0.002113
1428,153.458267,0.978520,0.002131
1429,153.567733,0.978197,0.002116
1430,153.676933,0.964759,0.002103
1431,153.786383,0.960658,0.002091
1432,153.895850,0.980327,0.002128
1433,154.005300,0.949389,0.002061
1434,154.114500,0.963215,0.002102
1435,154.224233,0.992536,0.002151
1436,154.333683,0.971066,0.002096
1437,154.443400,0.976728,0.002109
1438,154.552867,0.969156,0.002103
1439,154.662067,0.996868,0.002151
1440,154.771533,0.954625,0.002077
1441,154.880983,0.967022,0.002100
1442,154.990183,0.982541,0.002137
1443,155.099650,0.946169,0.002061
1444,155.209367,0.968815,0.002103
1445,155.318567,0.946057,0.002046
1446,155.428033,0.975190,0.002114
1447,155.537750,0.978461,0.002117
1448,155.647217,0.968185,0.002091
1449,155.756667,0.967756,0.002100
1450,155.866383,0.961739,0.002095
1451,155.976117,0.971904,0.002248
1452,156.085567,0.963612,0.002088
1453,156.195033,0.982539,0.002125
1454,156.304483,0.961070,0.002090
1455,156.413950,0.967148,0.002099
1456,156.523667,0.945684,0.002062
1457,156.633917,0.977151,0.002125
1458,156.743117,0.951104,0.002070
1459,156.852567,0.970779,0.002103
1460,156.962300,0.993449,0.002153
1461,157.071500,0.959590,0.002092
1462,157.180950,0.975204,0.002136
1463,157.290417,0.986891,0.002149
1464,157.399617,0.994139,0.002211
1465,157.509333,0.960353,0.002095
1466,157.619050,0.961041,0.002104
1467,157.728767,0.910264,0.002457
1468,157.837967,0.969152,0.002103
1469,157.947700,0.949872,0.002071
1470,158.057417,0.961312,0.002095
1471,158.166867,0.978238,0.002131
1472,158.276333,0.970156,0.002113
1473,158.386050,0.966107,0.002102
1474,158.495250,0.954779,0.002080
1475,158.604717,0.967208,0.002104
1476,158.714433,0.999821,0.002158
1477,158.823900,0.955875,0.002082
1478,158.933350,0.988480,0.002161
1479,159.042817,0.927868,0.002049
1480,159.152283,0.934558,0.002047
1481,159.261733,0.979188,0.002127
1482,159.370933,0.969801,0.002105
1483,159.480400,0.977358,0.002118
1484,159.590117,0.997441,0.002147
1485,159.699583,0.958465,0.002113
1486,159.808783,0.947244,0.002092
1487,159.918500,0.976364,0.002134
1488,160.028217,1.002596,0.002176
1489,160.137933,0.972088,0.002133
1490,160.247133,0.994080,0.002161
1491,160.356850,0.988795,0.002147
1492,160.466317,0.973599,0.002121
1493,160.575783,0.975563,0.002126
1494,160.685233,0.970319,0.002104
1495,160.794967,0.963058,0.002093
1496,160.904417,0.971617,0.002123
1497,161.013883,1.006181,0.002173
1498,161.123333,0.971967,0.002108
1499,161.232533,0.980790,0.002133
1500,161.342267,0.975370,0.002124
1501,161.451983,0.949762,0.002086
1502,161.561433,0.942809,0.002063
1503,161.670900,1.006969,0.002177
1504,161.780617,0.986608,0.002152
1505,161.890083,0.959655,0.002095
1506,161.999533,0.973732,0.002131
1507,162.109000,0.977457,0.002134
1508,162.218200,0.975249,0.002110
1509,162.327400,0.959902,0.002093
1510,162.437117,0.969784,0.002107
1511,162.546850,0.956571,0.002096
1512,162.656567,0.971902,0.002119
1513,162.766283,0.973707,0.002126
1514,162.875750,0.967919,0.002105
1515,162.985467,0.987765,0.002137
1516,163.094917,0.959154,0.002093
1517,163.204383,0.973265,0.002112
1518,163.313850,0.954296,0.002087
1519,163.423300,0.953219,0.002070
1520,163.532767,0.979610,0.002140
1521,163.641967,0.968141,0.002104
1522,163.751167,0.978741,0.002131
1523,163.860883,0.972997,0.002139
1524,163.970350,0.959666,0.002091
1525,164.080067,0.962717,0.002104
1526,164.189517,0.975818,0.002124
1527,164.298983,0.963408,0.002108
1528,164.408450,0.988498,0.002155
1529,164.518167,0.967215,0.002100
1530,164.627633,0.969008,0.002097
1531,164.737350,0.969742,0.002098
1532,164.846800,0.951481,0.002080
1533,164.956267,0.943869,0.002073
1534,165.065733,0.941229,0.002054
1535,165.175450,0.957925,0.002095
1536,165.285167,0.959623,0.002082
1537,165.394633,0.954855,0.002091
1538,165.504350,0.973671,0.002126
1539,165.614067,0.977187,0.002124
1540,165.723267,0.989129,0.002144
1541,165.832733,0.943057,0.002065
1542,165.942450,0.954973,0.002081
1543,166.051650,0.994806,0.002153
1544,166.161633,0.964653,0.002099
1545,166.271083,0.940161,0.002066
1546,166.380283,0.958066,0.002102
1547,166.490017,0.976377,0.002133
1548,166.599733,0.971122,0.002116
1549,166.709450,0.969211,0.002123
1550,166.818650,0.953338,0.002092
1551,166.928367,0.966472,0.002118
1552,167.037833,0.947558,0.002076
1553,167.147033,0.959464,0.002109
1554,167.256483,0.993482,0.002186
1555,167.366217,0.990317,0.002161
1556,167.475417,1.020852,0.002262
1557,167.584867,0.995745,0.002175
1558,167.694583,1.001698,0.002164
1559,167.804050,0.977690,0.002128
1560,167.913517,0.971172,0.002112
1561,168.023233,0.965418,0.002106
1562,168.132950,0.971263,0.002114
1563,168.242417,0.976905,0.002120
1564,168.352133,0.950744,0.002072
1565,168.462117,0.992669,0.002152
1566,168.571567,0.968269,0.002111
1567,168.681033,0.958126,0.002074
1568,168.790750,0.958364,0.002114
1569,168.900217,0.950495,0.002090
1570,169.009933,0.957013,0.002093
1571,169.119400,0.938647,0.002057
1572,169.228850,0.954972,0.002086
1573,169.338567,0.963298,0.002095
1574,169.448300,0.993902,0.002154
1575,169.558017,0.943924,0.002072
1576,169.667467,0.945298,0.002061
1577,169.777200,0.932452,0.002053
1578,169.886650,0.984865,0.002157
1579,169.995850,0.956347,0.002093
1580,170.105050,0.953668,0.002091
1581,170.214783,0.962062,0.002111
1582,170.324233,0.998061,0.002170
1583,170.433950,0.977836,0.002136
1584,170.543417,0.963220,0.002107
1585,170.652883,0.963896,0.002106
1586,170.762333,0.993988,0.002164
1587,170.871800,0.931996,0.002047
1588,170.981517,0.931127,0.002062
1589,171.091233,0.982084,0.002160
1590,171.200950,0.965301,0.002140
1591,171.310683,0.935533,0.002054
1592,171.420133,0.954257,0.002115
1593,171.529850,0.970372,0.002123
1594,171.639317,0.950919,0.002088
1595,171.748783,0.968870,0.002126
1596,171.858500,0.963287,0.002113
1597,171.968217,0.955472,0.002087
1598,172.077933,1.007178,0.002189
1599,172.187133,0.975165,0.002138
1600,172.296867,0.944560,0.002090
1601,172.406583,0.962715,0.002117
1602,172.516300,0.991377,0.002173
1603,172.626017,0.959645,0.002088
1604,172.735483,0.950962,0.002076
1605,172.844933,0.957870,0.002101
1606,172.954400,0.965075,0.002114
1607,173.063867,0.986891,0.002145
1608,173.173317,0.968954,0.002131
1609,173.282517,0.935293,0.002083
1610,173.392233,0.951759,0.002117
1611,173.501700,0.962913,0.002133
1612,173.611167,0.976618,0.002152
1613,173.720883,0.969070,0.002160
1614,173.830600,0.961029,0.002124
1615,173.940067,0.958063,0.002113
1616,174.049783,0.954586,0.002102
1617,174.159250,0.969109,0.002123
1618,174.268967,0.998096,0.002190
1619,174.378417,0.984066,0.002160
1620,174.487883,0.980130,0.002146
1621,174.597350,0.975313,0.002141
1622,174.707067,0.947874,0.002078
1623,174.816517,0.951243,0.002088
1624,174.925717,0.966341,0.002125
1625,175.035183,0.956676,0.002112
1626,175.144900,0.972956,0.002127
1627,175.254367,0.974158,0.002132
1628,175.363817,0.964489,0.002112
1629,175.473550,0.978471,0.002130
1630,175.583267,0.988027,0.002152
1631,175.692983,0.947204,0.002084
1632,175.802450,0.965471,0.002125
1633,175.912167,0.971985,0.002132
1634,176.021633,0.967883,0.002135
1635,176.131083,0.960910,0.002126
1636,176.240283,0.952105,0.002109
1637,176.349750,0.959040,0.002110
1638,176.459200,0.975953,0.002151
1639,176.568667,0.958413,0.002105
1640,176.678133,0.946593,0.002096
1641,176.787850,0.942213,0.002095
1642,176.897300,0.956090,0.002114
1643,177.006500,0.953322,0.002136
1644,177.115967,0.978044,0.002183
1645,177.225950,0.979448,0.002182
1646,177.335667,0.973995,0.002159
1647,177.445383,0.980113,0.002145
1648,177.554850,0.945956,0.002086
1649,177.664567,1.011502,0.002202
1650,177.774033,0.983820,0.002162
1651,177.883233,1.003015,0.002211
1652,177.992950,0.991843,0.002185
1653,178.102417,0.957253,0.002108
1654,178.211867,0.971804,0.002127
1655,178.321333,0.965733,0.002114
1656,178.430783,0.973514,0.002126
1657,178.540250,0.945869,0.002076
1658,178.649717,0.946784,0.002081
1659,178.758917,0.955342,0.002100
1660,178.868633,0.994007,0.002174
1661,178.978350,0.986819,0.002167
1662,179.087817,0.976667,0.002137
1663,179.197533,0.931204,0.002072
1664,179.306983,0.956940,0.002117
1665,179.416717,0.960518,0.002137
1666,179.525917,0.954427,0.002121
1667,179.635633,0.976926,0.002158
1668,179.745350,0.986523,0.002180
1669,179.854817,0.972431,0.002158
1670,179.964533,0.981463,0.002150
1671,180.074250,0.983036,0.002158
1672,180.183717,0.951213,0.002101
1673,180.292917,0.994580,0.002176
1674,180.402367,0.963592,0.002131
1675,180.511833,0.940187,0.002083
1676,180.621550,0.950642,0.002097
1677,180.731267,0.956648,0.002100
1678,180.840467,0.979524,0.002154
1679,180.949933,0.930139,0.002056
1680,181.059650,0.962208,0.002130
1681,181.169367,0.950819,0.002107
1682,181.278833,0.963391,0.002131
1683,181.388300,0.962253,0.002116
1684,181.498017,0.978248,0.002155
1685,181.607483,0.990840,0.002162
1686,181.716933,0.985811,0.002165
1687,181.826400,0.968926,0.002140
1688,181.935600,0.973530,0.002155
1689,182.045050,0.993588,0.002178
1690,182.154783,0.967411,0.002149
1691,182.263983,0.954491,0.002103
1692,182.373433,0.923339,0.002060
1693,182.483150,0.999323,0.002186
1694,182.592883,0.972986,0.002146
1695,182.702600,1.012207,0.002226
1696,182.812050,0.925980,0.002041
1697,182.921250,0.988401,0.002157
1698,183.030983,0.968874,0.002140
1699,183.140433,0.980891,0.002163
1700,183.249900,0.945156,0.002084
1701,183.359367,0.966033,0.002115
1702,183.469083,0.941982,0.002071
1703,183.578800,0.961811,0.002134
1704,183.688267,0.945363,0.002083
1705,183.797983,0.954898,0.002104
1706,183.907700,1.040337,0.002255
1707,184.017167,0.966747,0.002126
1708,184.126883,1.013541,0.002216
1709,184.236333,0.977420,0.002145
1710,184.346067,0.932054,0.002069
1711,184.455517,0.947467,0.002104
1712,184.565233,0.983829,0.002165
1713,184.674700,0.974302,0.002151
1714,184.784417,0.988700,0.002171
1715,184.893883,0.931523,0.002086
1716,185.003333,0.988164,0.002165
1717,185.112800,0.942493,0.002076
1718,185.222267,0.979824,0.002153
1719,185.331983,0.964010,0.002129
1720,185.441450,0.984300,0.002159
1721,185.550900,0.983848,0.002149
1722,185.660617,0.970260,0.002124
1723,185.769567,0.934490,0.002059
1724,185.878767,0.959254,0.002110
1725,185.988217,0.974705,0.002144
1726,186.097683,0.960775,0.002109
1727,186.207400,0.971360,0.002119
1728,186.316867,0.949026,0.002104
1729,186.426317,0.956195,0.002122
1730,186.535783,0.956444,0.002124
1731,186.645500,0.932641,0.002063
1732,186.754967,0.976128,0.002140
1733,186.864417,0.976551,0.002145
1734,186.974150,0.948543,0.002119
1735,187.083867,0.982820,0.002159
1736,187.193333,0.954107,0.002104
1737,187.303050,0.951001,0.002107
1738,187.412500,0.927958,0.002077
1739,187.522233,0.972689,0.002151
1740,187.631433,0.967605,0.002131
1741,187.740883,0.950114,0.002117
1742,187.850350,0.950646,0.002099
1743,187.960067,0.978415,0.002153
1744,188.069783,0.949474,0.002104
1745,188.178983,0.950332,0.002102
1746,188.288183,0.952846,0.002109
1747,188.397900,0.965029,0.002127
1748,188.506850,0.931876,0.002085
1749,188.616300,0.950585,0.002119
1750,188.726033,0.969013,0.002148
1751,188.835483,0.974575,0.002160
1752,188.945217,0.958612,0.002134
1753,189.054933,0.987788,0.002190
1754,189.164133,0.979837,0.002163
1755,189.273850,0.945244,0.002108
1756,189.383567,0.987458,0.002174
1757,189.493283,0.994891,0.002204
1758,189.602483,0.949984,0.002111
1759,189.712467,0.936080,0.002083
1760,189.822183,0.950378,0.002103
1761,189.931650,0.976465,0.002146
1762,190.041117,0.968662,0.002150
1763,190.150833,0.943270,0.002100
1764,190.260033,0.960827,0.002125
1765,190.369483,0.971974,0.002173
1766,190.478950,0.935948,0.002081
1767,190.588417,0.954363,0.002117
1768,190.698133,0.952163,0.002114
1769,190.807333,0.944508,0.002728
1770,190.917050,0.914428,0.002399
1771,191.026250,1.010610,0.002234
1772,191.135967,0.947079,0.002124
1773,191.245167,0.977160,0.002195
1774,191.354900,0.989232,0.002244
1775,191.464100,0.979153,0.002227
1776,191.574067,0.996376,0.002276
1777,191.683800,0.924938,0.002112
1778,191.793000,0.957744,0.002166
1779,191.902717,0.986115,0.002247
1780,192.011917,0.975998,0.002186
1781,192.121633,0.947368,0.002143
1782,192.231350,0.905243,0.002057
1783,192.340817,0.951369,0.002130
1784,192.450017,0.943288,0.002129
1785,192.559733,0.950367,0.002137
1786,192.668933,0.978474,0.002182
1787,192.778400,0.965643,0.002158
1788,192.887850,0.956481,0.002146
1789,192.997317,0.960179,0.002151
1790,193.106783,0.976610,0.002188
1791,193.216233,0.954006,0.002141
1792,193.325700,0.978150,0.002172
1793,193.435150,0.921328,0.002075
1794,193.544883,0.958021,0.002136
1795,193.654333,0.936976,0.002107
1796,193.763800,0.948588,0.002131
1797,193.873517,0.952810,0.002149
1798,193.982983,0.936519,0.002095
1799,194.092433,0.973306,0.002194
1800,194.202150,0.918671,0.002103
1801,194.311883,0.948219,0.002154
1802,194.421333,0.970698,0.002171
1803,194.531050,0.987172,0.002194
1804,194.640517,0.961680,0.002142
1805,194.749983,0.983139,0.002187
1806,194.859433,0.972484,0.002156
1807,194.969167,1.010759,0.002308
1808,195.078617,0.999728,0.002270
1809,195.188083,0.999509,0.002249
1810,195.297800,1.053239,0.002478
1811,195.407267,1.149059,0.002741
1812,195.516717,1.139767,0.002740
1813,195.626433,1.117544,0.002641
1814,195.736167,1.045437,0.002366
1815,195.845617,0.992113,0.002193
1816,195.955083,1.006679,0.002239
1817,196.064533,0.963532,0.002143
1818,196.174000,0.954950,0.002140
1819,196.283467,0.996343,0.002204
1820,196.393183,0.937434,0.002096
1821,196.502383,0.954015,0.002120
1822,196.611850,0.991410,0.002191
1823,196.721300,0.974348,0.002166
1824,196.830500,0.957842,0.002137
1825,196.939967,0.955519,0.002132
1826,197.049683,0.958768,0.002124
1827,197.159150,0.948474,0.002116
1828,197.268867,0.961064,0.002139
1829,197.378583,0.998702,0.002194
1830,197.488050,0.969145,0.002141
1831,197.597500,0.972578,0.002150
1832,197.707217,0.974128,0.002156
1833,197.816683,0.989240,0.002181
1834,197.926150,0.959555,0.002138
1835,198.035600,0.955097,0.002122
1836,198.145067,0.981846,0.002181
1837,198.254517,0.986557,0.002185
1838,198.363983,0.963960,0.002158
1839,198.473183,0.913968,0.002038
1840,198.582650,0.938075,0.002092
1841,198.692367,0.984941,0.002187
1842,198.801567,0.965043,0.002141
1843,198.911033,0.968752,0.002212
1844,199.020483,0.972500,0.002164
1845,199.129950,1.001918,0.002233
1846,199.239667,0.948357,0.002122
1847,199.349133,0.983372,0.002185
1848,199.458333,0.976578,0.002174
1849,199.567783,0.980545,0.002157
1850,199.677500,0.979128,0.002158
1851,199.786700,0.946533,0.002100
1852,199.896433,0.943504,0.002108
1853,200.005883,0.978063,0.002170
1854,200.115600,1.006352,0.002233
1855,200.225067,0.967724,0.002156
1856,200.334783,1.049014,0.002311
1857,200.444517,0.947951,0.002113
1858,200.553717,0.995110,0.002199
1859,200.663433,0.995795,0.002207
1860,200.773150,1.009223,0.002237
1861,200.882617,0.986055,0.002187
1862,200.992067,0.967913,0.002169
1863,201.101533,0.984809,0.002190
1864,201.210983,0.959886,0.002121
1865,201.320450,0.997352,0.002210
1866,201.429917,0.976017,0.002167
1867,201.539367,0.995888,0.002214
1868,201.648833,0.985080,0.002194
1869,201.758550,0.952606,0.002127
1870,201.868267,0.959626,0.002144
1871,201.977467,0.960051,0.002141
1872,202.086667,0.968443,0.002183
1873,202.196133,1.004299,0.002257
1874,202.305850,1.008220,0.002234
1875,202.415567,0.982626,0.002173
1876,202.525300,0.966108,0.002130
1877,202.634750,0.998700,0.002212
1878,202.744217,0.955380,0.002147
1879,202.853933,0.995412,0.002249
1880,202.963400,0.949959,0.002151
1881,203.072850,0.935147,0.002093
1882,203.182567,0.960541,0.002138
1883,203.292033,0.967915,0.002184
1884,203.401500,0.989636,0.002207
1885,203.510950,0.973648,0.002160
1886,203.620417,0.941348,0.002110
1887,203.730133,0.980631,0.002198
1888,203.839850,0.948815,0.002142
1889,203.949317,0.936997,0.002112
1890,204.058250,0.944710,0.002126
1891,204.167983,0.903923,0.002052
1892,204.276917,0.965095,0.002164
1893,204.386117,0.954546,0.002146
1894,204.495833,0.959272,0.002162
1895,204.605300,0.947327,0.002128
1896,204.714500,0.977474,0.002181
1897,204.823950,0.996413,0.002213
1898,204.933417,0.988525,0.002205
1899,205.042883,0.994141,0.002226
1900,205.152333,0.942873,0.002114
1901,205.261800,0.973871,0.002179
1902,205.371250,0.982488,0.002176
1903,205.480450,0.988782,0.002204
1904,205.589917,0.961676,0.002158
1905,205.699633,0.985133,0.002206
1906,205.809350,0.913086,0.002251
1907,205.918817,0.973962,0.002181
1908,206.028283,0.993733,0.002216
1909,206.137733,0.975014,0.002164
1910,206.247200,0.990476,0.002225
1911,206.356667,0.984448,0.002186
1912,206.466383,0.904277,0.002046
1913,206.576100,0.979073,0.002200
1914,206.685817,1.009061,0.002248
1915,206.795533,0.953221,0.002130
1916,206.905267,0.962158,0.002138
1917,207.014467,0.975960,0.002171
1918,207.123917,0.943956,0.002116
1919,207.233633,1.003073,0.002211
1920,207.343617,0.927785,0.002084
1921,207.452817,0.941190,0.002091
1922,207.562283,0.931921,0.002086
1923,207.671217,0.987146,0.002216
1924,207.780683,0.985378,0.002192
1925,207.890400,0.996618,0.002219
1926,207.999867,0.986937,0.002183
1927,208.109317,0.975385,0.002165
1928,208.219050,0.964143,0.002169
1929,208.328767,0.964162,0.002165
1930,208.438217,0.917904,0.002064
1931,208.547683,0.960722,0.002147
1932,208.657150,0.960011,0.002165
1933,208.766600,0.957162,0.002168
1934,208.876067,0.996784,0.002219
1935,208.985517,0.997374,0.002210
1936,209.094717,0.936365,0.002117
1937,209.204450,0.974657,0.002175
1938,209.314167,0.995051,0.002235
1939,209.423883,0.949690,0.002123
1940,209.533350,0.956928,0.002135
1941,209.643067,1.003230,0.002228
1942,209.752517,0.988222,0.002187
1943,209.861983,0.972672,0.002152
1944,209.971450,0.962032,0.002144
1945,210.080900,0.968890,0.002152
1946,210.190367,0.965723,0.002150
1947,210.299833,0.972637,0.002203
1948,210.409033,0.978260,0.002180
1949,210.518483,0.977458,0.002186
1950,210.628200,1.025510,0.002280
1951,210.737400,1.010954,0.002242
1952,210.847133,0.977835,0.002202
1953,210.956583,0.994304,0.002225
1954,211.066567,1.029528,0.002289
1955,211.176033,0.994481,0.002203
1956,211.285483,0.962179,0.002165
1957,211.395200,0.983069,0.002202
1958,211.504667,0.939977,0.002104
1959,211.614383,1.041414,0.002307
1960,211.723850,0.998246,0.002222
1961,211.833050,0.964851,0.002163
1962,211.942767,0.956874,0.002141
1963,212.052483,0.939117,0.002127
1964,212.161950,0.964678,0.002171
1965,212.271417,0.972141,0.002246
1966,212.380867,0.977350,0.002227
1967,212.490333,0.940694,0.002143
1968,212.600567,0.964996,0.002157
1969,212.710283,0.973285,0.002187
1970,212.820017,0.994822,0.002248
1971,212.929217,0.952221,0.002142
1972,213.038933,0.956091,0.002144
1973,213.148383,1.004566,0.002243
1974,213.257850,1.012258,0.002254
1975,213.367317,0.982121,0.002202
1976,213.476767,1.000685,0.002244
1977,213.585967,1.016901,0.002271
1978,213.695433,0.944906,0.002122
1979,213.805150,0.970655,0.002183
1980,213.914867,0.976807,0.002187
1981,214.024600,0.968971,0.002191
1982,214.134050,0.971819,0.002166
1983,214.243767,1.000317,0.002219
1984,214.352967,0.991943,0.002221
1985,214.462700,0.969763,0.002163
1986,214.572417,0.981576,0.002193
1987,214.681867,0.972218,0.002169
1988,214.791333,0.933558,0.002098
1989,214.901050,1.004674,0.002235
1990,215.010767,0.943286,0.002136
1991,215.119967,0.954269,0.002143
1992,215.229433,1.002426,0.002223
1993,215.339150,0.966207,0.002163
1994,215.448617,1.032502,0.002296
1995,215.558333,0.946673,0.002143
1996,215.668050,0.977958,0.002191
1997,215.777517,0.979203,0.002183
1998,215.886983,0.975496,0.002177
1999,215.996700,0.981838,0.002194
2000,216.105900,0.971793,0.002186
2001,216.215350,1.004710,0.002235
2002,216.325083,1.024270,0.002267
2003,216.434533,1.019114,0.002264
2004,216.543733,0.997959,0.002229
2005,216.653450,0.983810,0.002209
2006,216.762650,0.983565,0.002184
2007,216.872383,0.995614,0.002210
2008,216.981833,0.980657,0.002205
2009,217.091817,0.976389,0.002191
2010,217.201283,0.980514,0.002193
2011,217.310733,0.966710,0.002186
2012,217.420200,0.987196,0.002205
2013,217.529667,0.950274,0.002130
2014,217.639117,1.000567,0.002221
2015,217.748583,1.012288,0.002245
2016,217.858033,0.972866,0.002178
2017,217.967233,0.998530,0.002222
2018,218.076700,0.975081,0.002180
2019,218.186167,1.027697,0.002276
2020,218.295617,0.979764,0.002208
2021,218.405083,0.983586,0.002201
2022,218.514533,0.982224,0.002186
2023,218.623733,0.978584,0.002191
2024,218.732933,1.007832,0.002221
2025,218.842400,1.006298,0.002248
2026,218.951600,0.973859,0.002199
2027,219.243317,0.940811,0.002127
2028,219.352517,0.980836,0.002212
2029,219.461717,1.019671,0.002292
2030,219.570917,0.980726,0.002200
2031,219.679867,0.987509,0.002210
2032,219.789067,0.964497,0.002155
2033,219.898517,1.000365,0.002243
2034,220.008250,0.969978,0.002199
2035,220.117450,1.008187,0.002253
2036,220.227167,0.958085,0.002152
2037,220.336617,1.004120,0.002264
2038,220.445817,1.018153,0.002335
2039,220.555283,0.976114,0.002192
2040,220.664750,0.986718,0.002221
2041,220.773950,1.005746,0.002245
2042,220.883400,0.964014,0.002181
2043,220.993117,0.963533,0.002142
2044,221.102317,0.960999,0.002158
2045,221.211783,0.985508,0.002219
2046,221.321500,0.997059,0.002244
2047,221.430967,0.967113,0.002190
2048,221.540683,0.968424,0.002189
2049,221.650150,0.969498,0.002181
2050,221.759350,0.965025,0.002193
2051,221.868800,0.961479,0.002174
2052,221.978533,1.012848,0.002268
2053,222.087733,1.000977,0.002244
2054,222.197450,0.949312,0.002136
2055,222.307167,0.974951,0.002191
2056,222.416883,1.026238,0.002297
2057,222.526350,0.984612,0.002220
2058,222.636067,0.997003,0.002252
2059,222.745783,1.014680,0.002242
2060,222.855250,0.978823,0.002210
2061,222.964967,1.025513,0.002313
2062,223.074683,0.999529,0.002262
2063,223.184417,0.976337,0.002198
2064,223.293867,0.988254,0.002218
2065,223.403333,1.017652,0.002280
2066,223.512267,1.002052,0.002230
2067,223.621733,0.995047,0.002228
2068,223.731183,1.003210,0.002236
2069,223.840650,0.987893,0.002234
2070,223.950117,0.992252,0.002227
2071,224.059833,0.972842,0.002183
2072,224.169033,0.994718,0.002233
2073,224.278750,0.966900,0.002181
2074,224.388467,1.028158,0.002301
2075,224.498183,1.002588,0.002248
2076,224.607650,0.960032,0.002151
2077,224.717367,0.970224,0.002192
2078,224.827083,0.933692,0.002119
2079,224.936550,0.959293,0.002174
2080,225.046017,0.953877,0.002158
2081,225.155467,0.978732,0.002211
2082,225.264933,0.977940,0.002208
2083,225.374400,1.043678,0.002316
2084,225.484117,0.930787,0.002101
2085,225.593833,1.019648,0.002288
2086,225.703300,0.953749,0.002157
2087,225.812750,1.019033,0.002299
2088,225.922217,0.996931,0.002230
2089,226.031417,0.981373,0.002222
2090,226.140867,0.993835,0.002242
2091,226.250600,0.962113,0.002174
2092,226.360050,0.918176,0.002093
2093,226.469517,1.009517,0.002272
2094,226.578967,0.971794,0.002202
2095,226.688433,1.003150,0.002265
2096,226.797900,1.004456,0.002262
2097,226.907617,1.011120,0.002269
2098,227.017333,0.973190,0.002205
2099,227.126800,1.055197,0.002346
2100,227.236517,0.979431,0.002189
2101,227.345717,0.941521,0.002135
2102,227.454917,0.949869,0.002164
2103,227.564383,0.935872,0.002134
2104,227.673583,0.971546,0.002198
2105,227.783033,0.993942,0.002245
2106,227.892500,1.023647,0.002298
2107,228.001950,0.969318,0.002201
2108,228.111417,0.998357,0.002252
2109,228.221133,1.001590,0.002239
2110,228.330600,0.988348,0.002207
2111,228.440317,0.966894,0.002187
2112,228.549783,1.029155,0.002295
2113,228.658983,0.987302,0.002221
2114,228.768433,1.087090,0.002627
2115,228.878417,1.131722,0.002729
2116,228.988133,1.238895,0.003055
2117,229.097600,1.256590,0.003076
2118,229.207317,1.212959,0.002991
2119,229.317033,1.222918,0.002958
2120,229.426233,1.125905,0.002805
2121,229.535700,1.123394,0.002730
2122,229.645417,1.207823,0.002955
2123,229.754883,0.984873,0.002228
2124,229.864083,0.994550,0.002250
2125,229.973800,1.026990,0.002288
2126,230.083000,1.001622,0.002246
2127,230.192467,0.953554,0.002151
2128,230.301917,0.972070,0.002204
2129,230.411117,1.053168,0.002379
2130,230.520583,0.996955,0.002239
2131,230.630033,0.985719,0.002206
2132,230.739500,1.021213,0.002302
2133,230.848967,0.994483,0.002236
2134,230.957900,0.994929,0.002243
2135,231.067367,1.010794,0.002286
2136,231.176817,0.984533,0.002222
2137,231.286017,0.976014,0.002212
2138,231.395483,1.004461,0.002256
2139,231.504950,1.008186,0.002283
2140,231.614400,0.965027,0.002181
2141,231.723350,0.957714,0.002169
2142,231.832283,0.998915,0.002245
2143,231.941750,0.971192,0.002196
2144,232.051467,0.954347,0.002163
2145,232.160400,0.986467,0.002224
2146,232.269867,0.956700,0.002165
2147,232.379317,1.021797,0.002279
2148,232.488783,0.978661,0.002213
2149,232.597983,0.981970,0.002213
2150,232.707450,0.966637,0.002186
2151,232.816900,0.978121,0.002247
2152,232.926367,1.009620,0.002284
2153,233.035833,0.998439,0.002252
2154,233.145283,1.008460,0.002305
2155,233.254750,0.947401,0.002156
2156,233.364467,0.988895,0.002261
2157,233.473933,1.019128,0.002300
2158,233.583383,0.983674,0.002225
2159,233.692850,0.967192,0.002195
2160,233.802050,1.011135,0.002295
2161,233.911500,0.990579,0.002251
2162,234.021233,0.957961,0.002200
2163,234.130433,0.990804,0.002281
2164,234.240150,0.972776,0.002190
2165,234.349867,0.975911,0.002193
2166,234.459067,0.966023,0.002197
2167,234.568533,0.972320,0.002184
2168,234.677983,0.938628,0.002134
2169,234.787183,0.963125,0.002187
2170,234.896383,0.959629,0.002165
2171,235.006117,0.951433,0.002168
2172,235.115567,0.993496,0.002266
2173,235.225033,0.894313,0.002060
2174,235.334750,0.994618,0.002256
2175,235.444217,0.962014,0.002186
2176,235.553667,0.995748,0.002253
2177,235.663383,1.015080,0.002309
2178,235.773367,1.011533,0.002299
2179,235.882833,0.974246,0.002242
2180,235.992550,0.992951,0.002237
2181,236.102267,0.977836,0.002240
2182,236.211733,1.036936,0.002359
2183,236.320933,0.983911,0.002237
2184,236.430400,0.953714,0.002181
2185,236.539850,0.998859,0.002265
2186,236.649317,0.998976,0.002255
2187,236.759033,0.955082,0.002198
2188,236.868500,0.988768,0.002231
2189,236.977950,0.973065,0.002191
2190,237.087150,1.003906,0.002280
2191,237.196617,0.960812,0.002214
2192,237.306333,0.987703,0.002246
2193,237.416050,0.940235,0.002174
2194,237.525767,0.974336,0.002237
2195,237.635500,0.964241,0.002198
2196,237.744950,0.991648,0.002240
2197,237.854667,0.964288,0.002192
2198,237.964133,0.963438,0.002189
2199,238.073850,1.010303,0.002289
2200,238.183317,0.999214,0.002257
2201,238.293300,0.959901,0.002172
2202,238.402750,0.985765,0.002226
2203,238.512217,0.964497,0.002195
2204,238.621933,1.003922,0.002256
2205,238.731133,0.993387,0.002261
2206,238.840850,1.013050,0.002303
2207,238.950050,0.988997,0.002235
2208,239.059517,0.997675,0.002296
2209,239.168983,0.944216,0.002235
2210,239.278433,0.909196,0.002664
2211,239.387633,0.534444,0.011965
2212,239.497350,0.571328,0.005822
2213,239.607083,0.994419,0.002253
2214,239.716533,0.952836,0.002169
2215,239.826000,0.939591,0.002176
2216,239.935450,0.983850,0.002226
2217,240.044650,0.970280,0.002211
2218,240.153867,0.970104,0.002227
2219,240.263583,0.964255,0.002254
2220,240.372517,0.960868,0.002238
2221,240.481983,0.938031,0.002178
2222,240.591183,0.970554,0.002237
2223,240.700900,0.996046,0.002332
2224,240.810367,0.985852,0.002305
2225,240.920083,0.984361,0.002300
2226,241.029283,0.977157,0.002252
2227,241.139000,0.994939,0.002280
2228,241.248717,1.012705,0.002317
2229,241.358183,0.994445,0.002278
2230,241.467900,0.969281,0.002234
2231,241.577367,0.970099,0.002210
2232,241.686567,0.995121,0.002258
2233,241.796017,0.980486,0.002218
2234,241.905733,1.005912,0.002276
2235,242.015200,0.994807,0.002247
2236,242.124400,0.992320,0.002252
2237,242.234117,0.990343,0.002270
2238,242.343317,0.974446,0.002216
2239,242.453050,0.995300,0.002274
2240,242.562500,1.005359,0.002281
2241,242.671967,0.969368,0.002240
2242,242.781417,0.985385,0.002249
2243,242.890883,1.022099,0.002315
2244,243.000350,0.979789,0.002254
2245,243.109800,1.043645,0.002379
2246,243.219267,0.965423,0.002205
2247,243.328717,0.946455,0.002178
2248,243.438450,0.974924,0.002249
2249,243.548417,1.001229,0.002266
2250,243.658150,0.971490,0.002240
2251,243.767867,0.925429,0.002130
2252,243.877317,0.984729,0.002234
2253,243.986533,0.972763,0.002249
2254,244.096250,0.988407,0.002248
2255,244.205967,0.968199,0.002228
2256,244.315683,0.958476,0.002199
2257,244.424883,0.973799,0.002255
2258,244.534083,0.961491,0.002215
2259,244.643800,0.994295,0.002254
2260,244.752750,0.924270,0.002150
2261,244.862200,0.974056,0.002238
2262,244.971667,0.977923,0.002257
2263,245.081133,0.956043,0.002176
2264,245.190850,0.989236,0.002255
2265,245.300567,0.996456,0.002289
2266,245.409767,0.941089,0.002189
2267,245.519233,0.977616,0.002255
2268,245.628950,0.954830,0.002202
2269,245.738400,0.974665,0.002265
2270,245.847617,0.960229,0.002207
2271,245.957333,0.963188,0.002248
2272,246.066783,0.987303,0.002280
2273,246.176250,1.031517,0.002323
2274,246.285967,0.946115,0.002199
2275,246.395683,0.955401,0.002180
2276,246.505150,0.968621,0.002211
2277,246.614867,0.968522,0.002215
2278,246.724333,0.945953,0.002168
2279,246.833783,0.955194,0.002202
2280,246.942983,1.007175,0.002284
2281,247.052450,1.003592,0.002297
2282,247.161917,1.015413,0.002307
2283,247.271367,1.023888,0.002325
2284,247.381083,0.942545,0.002157
2285,247.490283,0.980294,0.002247
2286,247.599750,0.989775,0.002260
2287,247.709467,0.958821,0.002196
2288,247.818667,1.028555,0.002384
2289,247.928400,1.011670,0.002315
2290,248.037850,0.946871,0.002199
2291,248.147317,1.000405,0.002291
2292,248.256517,0.988668,0.002281
2293,248.366233,0.965033,0.002233
2294,248.475700,0.940855,0.002177
2295,248.585417,0.965921,0.002249
2296,248.695133,1.017590,0.002326
2297,248.804333,1.026305,0.002365
2298,248.914050,0.996272,0.002269
2299,249.023517,0.990931,0.002244
2300,249.132717,0.973527,0.002263
2301,249.242167,0.992338,0.002268
2302,249.351633,0.972976,0.002244
2303,249.461100,0.973142,0.002277
2304,249.570550,0.965148,0.002253
2305,249.680283,1.000883,0.002316
2306,249.789483,0.996289,0.002279
2307,249.898933,0.996294,0.002294
2308,250.008650,0.982655,0.002366
2309,250.118383,1.057041,0.002428
2310,250.227583,0.973327,0.002289
2311,250.337033,0.989482,0.002324
2312,250.446750,0.951138,0.002211
2313,250.555950,0.973649,0.002247
2314,250.665417,0.960179,0.002211
2315,250.775133,0.958317,0.002228
2316,250.884600,0.975693,0.002278
2317,250.994050,0.978453,0.002289
2318,251.103783,0.991201,0.002339
2319,251.213233,0.979821,0.002304
2320,251.322950,0.980529,0.002258
2321,251.432417,0.940234,0.002206
2322,251.541883,0.975437,0.002257
2323,251.651600,1.048004,0.002398
2324,251.761317,1.028769,0.002357
2325,251.870517,0.988292,0.002277
2326,251.980233,0.946445,0.002228
2327,252.089700,0.993645,0.002293
2328,252.198900,1.004883,0.002312
2329,252.308367,1.037497,0.002398
2330,252.417817,0.957596,0.002218
2331,252.527283,0.991507,0.002273
2332,252.636733,0.975676,0.002256
2333,252.745933,0.973410,0.002257
2334,252.855400,0.986393,0.002283
2335,252.964867,0.972976,0.002249
2336,253.074583,0.992698,0.002295
2337,253.184033,1.024370,0.002343
2338,253.293500,0.998768,0.002301
2339,253.402967,0.967219,0.002246
2340,253.512417,0.977898,0.002256
2341,253.621883,1.008365,0.002325
2342,253.731600,0.967285,0.002233
2343,253.841317,0.985124,0.002290
2344,253.950783,1.041494,0.002375
2345,254.060500,0.948168,0.002202
2346,254.170217,0.982005,0.002276
2347,254.279683,0.966002,0.002252
2348,254.389150,1.015215,0.002332
2349,254.498867,0.961054,0.002224
2350,254.608067,0.975504,0.002253
2351,254.717517,0.980850,0.002263
2352,254.827250,0.956471,0.002219
2353,254.936450,0.985839,0.002237
2354,255.045900,0.964471,0.002232
2355,255.155617,1.001143,0.002306
2356,255.265350,0.931736,0.002149
2357,255.374800,0.995341,0.002281
2358,255.484533,0.987788,0.002281
2359,255.593983,0.957315,0.002222
2360,255.703183,0.982806,0.002277
2361,255.812383,0.989041,0.002269
2362,255.922100,0.985759,0.002256
2363,256.031567,1.018625,0.002330
2364,256.141033,1.021401,0.002341
2365,256.250483,0.950490,0.002211
2366,256.359950,0.985753,0.002291
2367,256.469400,0.977549,0.002257
2368,256.579133,0.958826,0.002217
2369,256.688850,0.989883,0.002308
2370,256.798300,0.975198,0.002284
2371,256.908033,0.983863,0.002316
2372,257.017483,0.935910,0.002225
2373,257.127200,0.988443,0.002287
2374,257.236933,0.930313,0.002190
2375,257.346650,0.976623,0.002257
2376,257.455850,0.976233,0.002274
2377,257.565567,0.959299,0.002244
2378,257.675033,1.004461,0.002311
2379,257.784233,0.984256,0.002265
2380,257.893683,0.981975,0.002284
2381,258.003150,1.018527,0.002361
2382,258.112617,0.989435,0.002313
2383,258.222333,0.977820,0.002258
2384,258.332050,0.919603,0.002157
2385,258.442550,0.969625,0.002265
2386,258.552017,0.977530,0.002280
2387,258.661733,0.968854,0.002276
2388,258.771450,0.955627,0.002247
2389,258.880917,0.991711,0.002328
2390,258.990633,0.980687,0.002292
2391,259.100350,0.996184,0.002324
2392,259.209300,0.959425,0.002262
2393,259.318750,1.008324,0.002352
2394,259.428467,0.982281,0.002278
2395,259.538200,1.018055,0.002364
2396,259.647917,1.014628,0.002353
2397,259.757367,0.977795,0.002291
2398,259.866833,0.989152,0.002285
2399,259.976550,0.979566,0.002305
2400,260.086267,0.954501,0.002241
2401,260.196000,0.976008,0.002281
2402,260.305717,0.932299,0.002224
2403,260.415433,0.913646,0.002146
2404,260.524900,1.030716,0.002402
2405,260.634617,0.976101,0.002271
2406,260.744067,1.030607,0.002380
2407,260.853267,0.994638,0.002322
2408,260.963000,0.965822,0.002259
2409,261.072450,0.928803,0.002169
2410,261.181917,1.012225,0.002351
2411,261.291117,0.989333,0.002304
2412,261.400583,1.002423,0.002310
2413,261.510033,0.980848,0.002259
2414,261.619500,0.973557,0.002265
2415,261.728950,0.908423,0.002149
2416,261.838683,0.975371,0.002288
2417,261.948133,0.910195,0.002160
2418,262.057333,1.001417,0.002337
2419,262.167050,1.007722,0.002354
2420,262.276783,1.016076,0.002374
2421,262.385983,0.972406,0.002280
2422,262.495433,0.922018,0.002175
2423,262.604900,0.999581,0.002316
2424,262.715133,0.960953,0.002249
2425,262.824600,0.970155,0.002254
2426,262.934317,0.999475,0.002307
2427,263.043783,0.931472,0.002194
2428,263.152983,0.962895,0.002280
2429,263.262433,0.996661,0.002320
2430,263.371900,0.976432,0.002300
2431,263.481367,0.897460,0.002140
2432,263.590817,1.016089,0.002353
2433,263.700533,0.970897,0.002268
2434,263.809733,0.998372,0.002335
2435,263.919467,0.979275,0.002305
2436,264.028667,1.002692,0.002335
2437,264.138117,0.952395,0.002249
2438,264.247317,1.014696,0.002371
2439,264.357033,0.970317,0.002277
2440,264.466500,0.942350,0.002221
2441,264.575967,0.983026,0.002301
2442,264.685417,1.000811,0.002349
2443,264.794617,0.990816,0.002308
2444,264.904350,0.966630,0.002316
2445,265.013800,0.925510,0.002240
2446,265.123000,0.944535,0.002244
2447,265.232717,1.007685,0.002382
2448,265.342450,1.030565,0.002405
2449,265.451900,1.031023,0.002427
2450,265.561367,0.957896,0.002259
2451,265.671083,0.977957,0.002300
2452,265.780550,0.953490,0.002272
2453,265.889750,0.986088,0.002299
2454,265.999467,1.037101,0.002387
2455,266.108917,0.938522,0.002218
2456,266.218383,1.000239,0.002343
2457,266.328100,0.907584,0.002131
2458,266.437817,0.949129,0.002247
2459,266.547283,0.969513,0.002295
2460,266.657000,0.991978,0.002344
2461,266.766733,0.953062,0.002248
2462,266.875933,0.949136,0.002242
2463,266.985383,0.948560,0.002224
2464,267.095100,0.938959,0.002253
2465,267.205350,1.019123,0.002375
2466,267.314800,0.976265,0.002283
2467,267.424533,0.978566,0.002312
2468,267.534250,0.982608,0.002306
2469,267.643700,0.952415,0.002238
2470,267.752900,0.979053,0.002297
2471,267.862633,0.942307,0.002232
2472,267.972083,0.945918,0.002235
2473,268.081800,0.985077,0.002334
2474,268.191533,0.996452,0.002335
2475,268.301250,1.017167,0.002363
2476,268.410700,0.968738,0.002301
2477,268.520433,0.975035,0.002271
2478,268.630150,0.963952,0.002306
2479,268.739617,1.068514,0.002460
2480,268.849333,0.998559,0.002335
2481,268.959050,0.944752,0.002263
2482,269.068767,1.001220,0.002345
2483,269.178233,0.972855,0.002302
2484,269.287433,1.043261,0.002459
2485,269.397150,0.909042,0.002183
2486,269.506350,0.950288,0.002259
2487,269.616067,1.019370,0.002399
2488,269.725533,1.027882,0.002389
2489,269.834983,0.905330,0.002173
2490,269.944450,0.967813,0.002280
2491,270.053917,0.895032,0.002158
2492,270.163367,1.063858,0.002469
2493,270.272833,0.924665,0.002211
2494,270.382550,1.040225,0.002441
2495,270.492017,1.006004,0.002362
2496,270.601467,0.895960,0.002178
2497,270.711200,0.995323,0.002362
2498,270.820650,0.989870,0.002332
2499,270.930117,0.913963,0.002173
2500,271.039833,0.961770,0.002283
2501,271.149817,0.919897,0.002233
2502,271.259267,0.870817,0.002095
2503,271.368733,0.996388,0.002338
2504,271.478450,1.022968,0.002389
2505,271.587650,0.942274,0.002235
2506,271.697367,0.964002,0.002247
2507,271.807100,0.963576,0.002256
2508,271.917067,0.942223,0.002258
2509,272.026533,1.049736,0.002437
2510,272.136250,0.969947,0.002299
2511,272.245967,0.931835,0.002201
2512,272.355433,0.972919,0.002286
2513,272.465150,0.988713,0.002326
2514,272.574617,0.974389,0.002317
2515,272.684083,0.942770,0.002241
2516,272.793800,0.940772,0.002241
2517,272.903250,0.985230,0.002351
2518,273.012983,1.023681,0.002440
2519,273.122433,0.973156,0.002300
2520,273.231900,1.049667,0.002454
2521,273.341617,0.992878,0.002361
2522,273.451083,0.995905,0.002393
2523,273.560800,1.002621,0.002392
2524,273.670250,0.991383,0.002361
2525,273.779717,0.961937,0.002312
2527,273.998633,0.968077,0.002315
2528,274.108100,0.971428,0.002325
2529,274.218083,0.957930,0.002297
2530,274.327800,1.003194,0.002415
2531,274.437517,0.988676,0.002428
2532,274.546983,1.043055,0.002526
2533,274.656433,0.944349,0.002288
2534,274.766167,0.990566,0.002396
2535,274.875617,0.995825,0.002403
2536,274.985083,0.936123,0.002298
2537,275.094800,0.939598,0.002330
2538,275.204267,0.915580,0.002297
2539,275.313717,0.970270,0.002391
2540,275.423433,1.031813,0.002570
2541,275.532633,0.943445,0.002337
2542,275.642100,0.987429,0.002416
2543,275.751817,1.014748,0.002509
2544,275.861017,0.980838,0.002471
2545,275.970483,0.897566,0.002267
2546,276.079933,0.907498,0.002310
2547,276.189400,0.955890,0.002395
2548,276.298867,0.979153,0.002488
2549,276.408317,0.957036,0.002421
2550,276.517517,0.912683,0.002329
2551,276.626717,0.971484,0.002416
2552,276.736183,0.987848,0.002510
2553,276.845650,0.946732,0.002420
2554,276.955367,0.950393,0.002437
2555,277.065083,0.959107,0.002455
2556,277.174550,0.960815,0.002502
2557,277.284000,0.956232,0.002458
2558,277.393717,0.973762,0.002538
2559,277.502917,1.005451,0.002621
2560,277.612383,0.937176,0.002494
2561,277.722100,1.015314,0.002621
2562,277.831817,0.962060,0.002561
2563,277.941550,0.955619,0.002531
2564,278.051000,0.909959,0.002436
2565,278.160733,1.053314,0.002747
2566,278.270183,0.903697,0.002411
2567,278.379650,1.051535,0.002770
2568,278.489367,1.027891,0.002705
2569,278.598300,1.010306,0.002671
2570,278.708033,0.928322,0.002546
2571,278.817750,0.968434,0.002609
2572,278.927467,0.890019,0.002439
2573,279.036667,0.956500,0.002614
2574,279.146133,0.949533,0.002569
2575,279.255850,1.025260,0.002760
2576,279.365050,0.865329,0.002433
2577,279.474767,0.948634,0.002639
2578,279.584233,0.926216,0.002572
2579,279.693433,0.970541,0.002723
2580,279.802883,0.964153,0.002713
2581,279.912600,1.022567,0.002818
2582,280.021817,0.934664,0.002631
2583,280.131533,0.965901,0.002709
2584,280.240983,0.860999,0.002455
2585,280.350450,0.905447,0.002577
2586,280.460433,0.989798,0.002737
2587,280.569883,0.887705,0.002542
2588,280.679350,0.899752,0.002614
2589,280.788817,0.962866,0.002700
2590,280.898017,0.968086,0.002700
2591,281.007467,0.931854,0.002653
2592,281.116933,0.972915,0.002753
2593,281.227167,0.997348,0.002839
2594,281.336367,0.954970,0.002715
2595,281.445833,0.955367,0.002738
2596,281.555033,0.967558,0.002817
2597,281.664233,0.890751,0.002604
2598,281.773683,0.960592,0.002744
2599,281.883150,0.967591,0.002806
2600,281.992617,0.944661,0.002717
2601,282.102067,0.929356,0.002739
2602,282.211017,0.950170,0.002756
