5.600000000000000000e+01 2.248924999999999841e+01 9.172652926185569378e-01 2.550410172262910884e-03
5.800000000000000000e+01 2.375781699999999930e+01 9.608760978390525898e-01 2.586671928266648900e-03
5.900000000000000000e+01 2.433699999999999974e+01 9.852077361175608505e-01 2.622933684270386916e-03
6.000000000000000000e+01 2.491603299999999876e+01 9.894745360740005991e-01 2.622933684270386916e-03
6.300000000000000000e+01 2.665516699999999872e+01 1.018520202632994920e+00 2.647108188272879071e-03
6.400000000000000000e+01 2.723636700000000133e+01 1.024660526649627812e+00 2.659195440274124932e-03
6.500000000000000000e+01 2.781933300000000031e+01 1.029447078442121244e+00 2.659195440274124932e-03
6.700000000000000000e+01 2.898211699999999880e+01 1.036723604146871258e+00 2.671282692275370792e-03
6.800000000000000000e+01 2.956663299999999950e+01 1.039080618287114399e+00 2.671282692275370792e-03
6.900000000000000000e+01 3.015008299999999863e+01 1.049499829512188454e+00 2.683369944276617087e-03
7.000000000000000000e+01 3.073250000000000171e+01 1.038319121411035884e+00 2.671282692275370792e-03
7.200000000000000000e+01 3.189841699999999847e+01 1.029845957758162456e+00 2.659195440274124932e-03
7.300000000000000000e+01 3.248743300000000289e+01 1.030450320358224703e+00 2.671282692275370792e-03
7.400000000000000000e+01 3.307646700000000095e+01 9.924480000663071788e-01 2.622933684270386916e-03
7.500000000000000000e+01 3.366470000000000340e+01 9.927864431223420993e-01 2.622933684270386916e-03
7.600000000000000000e+01 3.425365000000000038e+01 9.802036137890449696e-01 2.610846432269141055e-03
7.700000000000000000e+01 3.484315000000000140e+01 1.003290265111424828e+00 2.635020936271632776e-03
8.100000000000000000e+01 3.719888300000000214e+01 1.032227146402407758e+00 2.671282692275370792e-03
8.200000000000000000e+01 3.778405000000000058e+01 1.028395487518012796e+00 2.659195440274124932e-03
8.300000000000000000e+01 3.836594999999999800e+01 1.027911997437962910e+00 2.659195440274124932e-03
8.400000000000000000e+01 3.895593300000000170e+01 1.015969792460731824e+00 2.647108188272879071e-03
8.500000000000000000e+01 3.954203300000000354e+01 1.013975395880526431e+00 2.647108188272879071e-03
8.600000000000000000e+01 4.012601699999999738e+01 1.024249560081585519e+00 2.659195440274124932e-03
8.700000000000000000e+01 4.070743300000000175e+01 1.027537292625924303e+00 2.659195440274124932e-03
8.900000000000000000e+01 4.188136699999999735e+01 1.032130448386397781e+00 2.659195440274124932e-03
9.000000000000000000e+01 4.246951700000000329e+01 1.032662287474452656e+00 2.671282692275370792e-03
9.100000000000000000e+01 4.305766700000000213e+01 1.040664048299277500e+00 2.671282692275370792e-03
9.200000000000000000e+01 4.364216700000000060e+01 1.029531689206129919e+00 2.659195440274124932e-03
9.300000000000000000e+01 4.423238299999999867e+01 1.039805853407189007e+00 2.671282692275370792e-03
9.400000000000000000e+01 4.482209999999999894e+01 1.046115398951839470e+00 2.671282692275370792e-03
9.500000000000000000e+01 4.541181699999999921e+01 1.046127486203840773e+00 2.671282692275370792e-03
9.700000000000000000e+01 4.659148299999999665e+01 1.038802611491085770e+00 2.671282692275370792e-03
9.800000000000000000e+01 4.717414999999999736e+01 1.037013698194901190e+00 2.671282692275370792e-03
9.900000000000000000e+01 4.775996700000000317e+01 1.046949419339925580e+00 2.671282692275370792e-03
1.000000000000000000e+02 4.835098299999999938e+01 1.048484500344083692e+00 2.683369944276617087e-03
1.010000000000000000e+02 4.894198300000000046e+01 1.046731848803903020e+00 2.695457196277862948e-03
1.030000000000000000e+02 5.012113300000000038e+01 1.044544056191677450e+00 2.695457196277862948e-03
1.040000000000000000e+02 5.070981700000000103e+01 1.046320882235860728e+00 2.695457196277862948e-03
1.060000000000000000e+02 5.188949999999999818e+01 9.633539844993079804e-01 2.610846432269141055e-03
1.070000000000000000e+02 5.247868299999999664e+01 1.053597407940610742e+00 2.707544448279109242e-03
1.090000000000000000e+02 5.365261699999999934e+01 1.049270171724164813e+00 2.695457196277862948e-03
1.100000000000000000e+02 5.424101699999999937e+01 1.042247478311440823e+00 2.695457196277862948e-03
1.120000000000000000e+02 5.540481700000000131e+01 9.401343734049143475e-01 2.586671928266648900e-03
1.130000000000000000e+02 5.599296700000000016e+01 1.019112477981055864e+00 2.659195440274124932e-03
1.140000000000000000e+02 5.658266700000000071e+01 1.001948580139286449e+00 2.647108188272879071e-03
1.150000000000000000e+02 5.717158299999999826e+01 9.915293689142125055e-01 2.635020936271632776e-03
1.170000000000000000e+02 5.834943299999999766e+01 1.014833590772614702e+00 2.659195440274124932e-03
1.180000000000000000e+02 5.893809999999999860e+01 1.008270212935938215e+00 2.647108188272879071e-03
1.190000000000000000e+02 5.952573300000000245e+01 1.032758985490462633e+00 2.671282692275370792e-03
1.200000000000000000e+02 6.014901700000000062e+01 1.021070612805257793e+00 2.659195440274124932e-03
1.210000000000000000e+02 6.072829999999999728e+01 1.034281979242619665e+00 2.683369944276617087e-03
1.220000000000000000e+02 6.130760000000000076e+01 1.006868091703793766e+00 2.647108188272879071e-03
1.250000000000000000e+02 6.307019999999999982e+01 9.408475212729878745e-01 2.586671928266648900e-03
1.260000000000000000e+02 6.365236699999999814e+01 9.133731974741556847e-01 2.550410172262910884e-03
1.450000000000000000e+02 7.487631700000000023e+01 9.557994519985292259e-01 2.598759180267894760e-03
1.460000000000000000e+02 7.545534999999999570e+01 9.794300296609652623e-01 2.610846432269141055e-03
1.470000000000000000e+02 7.608774999999999977e+01 9.653604683315147872e-01 2.598759180267894760e-03
1.490000000000000000e+02 7.735438299999999856e+01 9.772301497967383899e-01 2.610846432269141055e-03
1.500000000000000000e+02 7.793341700000000571e+01 9.976213439228405200e-01 2.635020936271632776e-03
1.510000000000000000e+02 7.857051699999999528e+01 9.933908057224043464e-01 2.622933684270386916e-03
1.540000000000000000e+02 8.032661699999999882e+01 1.034040234202594721e+00 2.671282692275370792e-03
1.550000000000000000e+02 8.091528300000000229e+01 1.038331208663037186e+00 2.671282692275370792e-03
1.580000000000000000e+02 8.267763300000000015e+01 1.044326485655655112e+00 2.671282692275370792e-03
1.590000000000000000e+02 8.326708299999999952e+01 9.680921872837964237e-01 2.598759180267894760e-03
1.760000000000000000e+02 9.325329999999999586e+01 7.975047997902112717e-01 2.417450400249204680e-03
1.800000000000000000e+02 9.560795000000000243e+01 1.021131049065264085e+00 2.647108188272879071e-03
1.810000000000000000e+02 9.619844999999999402e+01 1.025470372533711316e+00 2.647108188272879071e-03
1.820000000000000000e+02 9.678893300000000011e+01 1.027754863161946863e+00 2.647108188272879071e-03
1.860000000000000000e+02 9.915089999999999293e+01 1.035974194522794045e+00 2.659195440274124932e-03
1.870000000000000000e+02 9.974191700000000083e+01 1.022484821289403545e+00 2.647108188272879071e-03
1.880000000000000000e+02 1.003316329999999965e+02 1.013008415720426658e+00 2.635020936271632776e-03
1.900000000000000000e+02 1.015115669999999994e+02 1.000413499135128337e+00 2.622933684270386916e-03
1.930000000000000000e+02 1.032762830000000065e+02 9.003794015728162625e-01 2.514148416259172868e-03
1.940000000000000000e+02 1.038589499999999930e+02 9.117293312019861817e-01 2.526235668260418728e-03
1.970000000000000000e+02 1.056077829999999977e+02 1.002335372203326358e+00 2.622933684270386916e-03
1.990000000000000000e+02 1.067866829999999965e+02 1.027005453537869650e+00 2.647108188272879071e-03
2.010000000000000000e+02 1.079569670000000059e+02 1.059363027145205249e+00 2.683369944276617087e-03
2.020000000000000000e+02 1.085464170000000053e+02 1.063641914353646190e+00 2.695457196277862948e-03
2.030000000000000000e+02 1.091366500000000030e+02 1.053476535420598381e+00 2.683369944276617087e-03
2.050000000000000000e+02 1.103080000000000069e+02 1.049777836308217083e+00 2.671282692275370792e-03
2.060000000000000000e+02 1.108977000000000004e+02 1.046151660707843156e+00 2.671282692275370792e-03
2.080000000000000000e+02 1.120674829999999957e+02 1.051663447620411418e+00 2.671282692275370792e-03
2.100000000000000000e+02 1.132380500000000012e+02 1.047904312248023828e+00 2.671282692275370792e-03
2.120000000000000000e+02 1.144086170000000067e+02 1.025965949865762505e+00 2.647108188272879071e-03
2.130000000000000000e+02 1.149964829999999978e+02 1.020478337457196627e+00 2.635020936271632776e-03
2.140000000000000000e+02 1.155872329999999977e+02 1.011618381740283290e+00 2.635020936271632776e-03
2.160000000000000000e+02 1.167622170000000068e+02 1.004329768783531973e+00 2.622933684270386916e-03
2.170000000000000000e+02 1.173508999999999958e+02 1.010325045776150121e+00 2.635020936271632776e-03
2.180000000000000000e+02 1.179421669999999978e+02 1.011122804408232323e+00 2.635020936271632776e-03
2.190000000000000000e+02 1.185300670000000025e+02 1.020526686465201616e+00 2.635020936271632776e-03
2.200000000000000000e+02 1.191187330000000060e+02 1.009261367600040371e+00 2.635020936271632776e-03
2.210000000000000000e+02 1.197084329999999994e+02 9.996640895110510128e-01 2.622933684270386916e-03
2.220000000000000000e+02 1.202981330000000071e+02 9.668109385716643356e-01 2.586671928266648900e-03
2.240000000000000000e+02 1.214715499999999935e+02 9.853165213855720195e-01 2.598759180267894760e-03
2.270000000000000000e+02 1.232386000000000053e+02 6.185530339117639720e-01 2.139443604220545980e-03
2.290000000000000000e+02 1.244167000000000058e+02 1.007714199343880956e+00 2.622933684270386916e-03
2.310000000000000000e+02 1.255875170000000054e+02 1.002794687779373861e+00 2.622933684270386916e-03
2.320000000000000000e+02 1.261720169999999968e+02 9.519194441061292755e-01 2.562497424264156744e-03
2.350000000000000000e+02 1.279393170000000026e+02 9.240220664872534906e-01 2.538322920261664589e-03
2.380000000000000000e+02 1.297058499999999981e+02 9.932457586983893805e-01 2.610846432269141055e-03
2.420000000000000000e+02 1.320662499999999966e+02 9.563554655905865953e-01 2.574584676265402605e-03
2.430000000000000000e+02 1.326567330000000027e+02 9.311293706639861556e-01 2.550410172262910884e-03
2.440000000000000000e+02 1.332464329999999961e+02 9.238891067152397163e-01 2.538322920261664589e-03
2.460000000000000000e+02 1.344209170000000029e+02 8.467361771912863544e-01 2.453712156252942696e-03
3.570000000000000000e+02 1.998013170000000116e+02 7.696799456833429698e-01 2.393275896246712525e-03
