5.600000000000000000e+01 2.248924999999999841e+01 9.152747526922324628e-01 2.081970639999460373e-03
5.800000000000000000e+01 2.375781699999999930e+01 9.591057135343263873e-01 2.115686763724148028e-03
5.900000000000000000e+01 2.433699999999999974e+01 9.787790717276815267e-01 2.132544825586492072e-03
6.000000000000000000e+01 2.491603299999999876e+01 9.883375928036305380e-01 2.140973856517663660e-03
6.300000000000000000e+01 2.665516699999999872e+01 1.004243174170751818e+00 2.157831918380007704e-03
6.400000000000000000e+01 2.723636700000000133e+01 1.012056885843948262e+00 2.166260949311179292e-03
6.500000000000000000e+01 2.781933300000000031e+01 1.020426913558601933e+00 2.174689980242351314e-03
6.700000000000000000e+01 2.898211699999999880e+01 1.033281185728639029e+00 2.183119011173523336e-03
6.800000000000000000e+01 2.956663299999999950e+01 1.027490441478924099e+00 2.183119011173523336e-03
6.900000000000000000e+01 3.015008299999999863e+01 1.038937065483455546e+00 2.191548042104695358e-03
7.000000000000000000e+01 3.073250000000000171e+01 1.035927901441026977e+00 2.183119011173523336e-03
7.200000000000000000e+01 3.189841699999999847e+01 1.022466739043945472e+00 2.174689980242351314e-03
7.300000000000000000e+01 3.248743300000000289e+01 1.023663661436172045e+00 2.174689980242351314e-03
7.400000000000000000e+01 3.307646700000000095e+01 9.898969635258972888e-01 2.149402887448835682e-03
7.500000000000000000e+01 3.366470000000000340e+01 9.802288650478431231e-01 2.140973856517663660e-03
7.600000000000000000e+01 3.425365000000000038e+01 9.803047263262236743e-01 2.140973856517663660e-03
7.700000000000000000e+01 3.484315000000000140e+01 1.000635548932210295e+00 2.157831918380007704e-03
8.100000000000000000e+01 3.719888300000000214e+01 1.032379279419003648e+00 2.183119011173523336e-03
8.200000000000000000e+01 3.778405000000000058e+01 1.028114189767830755e+00 2.183119011173523336e-03
8.300000000000000000e+01 3.836594999999999800e+01 1.025315751498681704e+00 2.174689980242351314e-03
8.400000000000000000e+01 3.895593300000000170e+01 1.015538075618522162e+00 2.166260949311179292e-03
8.500000000000000000e+01 3.954203300000000354e+01 1.015268346628724672e+00 2.166260949311179292e-03
8.600000000000000000e+01 4.012601699999999738e+01 1.022011571373662164e+00 2.174689980242351314e-03
8.700000000000000000e+01 4.070743300000000175e+01 1.022374019703702563e+00 2.174689980242351314e-03
8.900000000000000000e+01 4.188136699999999735e+01 1.032269702016898494e+00 2.183119011173523336e-03
9.000000000000000000e+01 4.246951700000000329e+01 1.034115659790825204e+00 2.183119011173523336e-03
9.100000000000000000e+01 4.305766700000000213e+01 1.032101121398274923e+00 2.183119011173523336e-03
9.200000000000000000e+01 4.364216700000000060e+01 1.032834447089286956e+00 2.183119011173523336e-03
9.300000000000000000e+01 4.423238299999999867e+01 1.039847400824021939e+00 2.191548042104695358e-03
9.400000000000000000e+01 4.482209999999999894e+01 1.042881851959243988e+00 2.191548042104695358e-03
9.500000000000000000e+01 4.541181699999999921e+01 1.040117129813819430e+00 2.191548042104695358e-03
9.700000000000000000e+01 4.659148299999999665e+01 1.047273377074384504e+00 2.191548042104695358e-03
9.800000000000000000e+01 4.717414999999999736e+01 1.039720965360054539e+00 2.191548042104695358e-03
9.900000000000000000e+01 4.775996700000000317e+01 1.037824433400540647e+00 2.183119011173523336e-03
1.000000000000000000e+02 4.835098299999999938e+01 1.040488007174791063e+00 2.191548042104695358e-03
1.010000000000000000e+02 4.894198300000000046e+01 1.042544690721997069e+00 2.199977073035866947e-03
1.030000000000000000e+02 5.012113300000000038e+01 1.034958562883942390e+00 2.199977073035866947e-03
1.040000000000000000e+02 5.070981700000000103e+01 1.049127763879242226e+00 2.208406103967038969e-03
1.060000000000000000e+02 5.188949999999999818e+01 9.658152221555391659e-01 2.132544825586492072e-03
1.070000000000000000e+02 5.247868299999999664e+01 1.043943909856571484e+00 2.199977073035866947e-03
1.090000000000000000e+02 5.365261699999999934e+01 1.046632770723615380e+00 2.208406103967038969e-03
1.100000000000000000e+02 5.424101699999999937e+01 1.024472848405564518e+00 2.183119011173523336e-03
1.120000000000000000e+02 5.540481700000000131e+01 9.448859383534393697e-01 2.107257732792976006e-03
1.130000000000000000e+02 5.599296700000000016e+01 1.010902108606377636e+00 2.166260949311179292e-03
1.140000000000000000e+02 5.658266700000000071e+01 9.977612493846806929e-01 2.157831918380007704e-03
1.150000000000000000e+02 5.717158299999999826e+01 9.861376157305946633e-01 2.149402887448835682e-03
1.170000000000000000e+02 5.834943299999999766e+01 1.004799490212209268e+00 2.166260949311179292e-03
1.180000000000000000e+02 5.893809999999999860e+01 9.953084013837096844e-01 2.157831918380007704e-03
1.190000000000000000e+02 5.952573300000000245e+01 1.024447561312771038e+00 2.183119011173523336e-03
1.200000000000000000e+02 6.014901700000000062e+01 1.017358746299655392e+00 2.174689980242351314e-03
1.210000000000000000e+02 6.072829999999999728e+01 1.022095861682974061e+00 2.174689980242351314e-03
1.220000000000000000e+02 6.130760000000000076e+01 9.974746623330208450e-01 2.157831918380007704e-03
1.250000000000000000e+02 6.307019999999999982e+01 9.287443441202450911e-01 2.098828701861804417e-03
1.260000000000000000e+02 6.365236699999999814e+01 9.037016932237333933e-01 2.073541609068288352e-03
1.450000000000000000e+02 7.487631700000000023e+01 9.640619837218553645e-01 2.124115794655320050e-03
1.460000000000000000e+02 7.545534999999999570e+01 9.829514420386116225e-01 2.140973856517663660e-03
1.470000000000000000e+02 7.608774999999999977e+01 9.660765221144055337e-01 2.124115794655320050e-03
1.490000000000000000e+02 7.735438299999999856e+01 9.723982953127844331e-01 2.132544825586492072e-03
1.500000000000000000e+02 7.793341700000000571e+01 9.905375698766664128e-01 2.149402887448835682e-03
1.510000000000000000e+02 7.857051699999999528e+01 1.001537455241845676e+00 2.157831918380007704e-03
1.540000000000000000e+02 8.032661699999999882e+01 1.037057391585804123e+00 2.183119011173523336e-03
1.550000000000000000e+02 8.091528300000000229e+01 1.036998388369285928e+00 2.191548042104695358e-03
1.580000000000000000e+02 8.267763300000000015e+01 1.037731714060297961e+00 2.191548042104695358e-03
1.590000000000000000e+02 8.326708299999999952e+01 9.691109732496273610e-01 2.124115794655320050e-03
1.760000000000000000e+02 9.325329999999999586e+01 8.115049528985751603e-01 1.980822268825397411e-03
1.800000000000000000e+02 9.560795000000000243e+01 1.028729509025806177e+00 2.174689980242351314e-03
1.810000000000000000e+02 9.619844999999999402e+01 1.030583895830664121e+00 2.174689980242351314e-03
1.820000000000000000e+02 9.678893300000000011e+01 1.044053487258676860e+00 2.191548042104695358e-03
1.860000000000000000e+02 9.915089999999999293e+01 1.036442072327828479e+00 2.183119011173523336e-03
1.870000000000000000e+02 9.974191700000000083e+01 1.031511089233092981e+00 2.174689980242351314e-03
1.880000000000000000e+02 1.003316329999999965e+02 1.029648273397304026e+00 2.174689980242351314e-03
1.900000000000000000e+02 1.015115669999999994e+02 1.005895264233261477e+00 2.157831918380007704e-03
1.930000000000000000e+02 1.032762830000000065e+02 9.053453542553119293e-01 2.065112578137116763e-03
1.940000000000000000e+02 1.038589499999999930e+02 9.146847205270504100e-01 2.073541609068288352e-03
1.970000000000000000e+02 1.056077829999999977e+02 1.013531966256903338e+00 2.166260949311179292e-03
1.990000000000000000e+02 1.067866829999999965e+02 1.039434378308394580e+00 2.183119011173523336e-03
2.010000000000000000e+02 1.079569670000000059e+02 1.064763616256566126e+00 2.208406103967038969e-03
2.020000000000000000e+02 1.085464170000000053e+02 1.057565223841345325e+00 2.199977073035866947e-03
2.030000000000000000e+02 1.091366500000000030e+02 1.066508425659318693e+00 2.208406103967038969e-03
2.050000000000000000e+02 1.103080000000000069e+02 1.053932311510010322e+00 2.199977073035866947e-03
2.060000000000000000e+02 1.108977000000000004e+02 1.049616647673250247e+00 2.191548042104695358e-03
2.080000000000000000e+02 1.120674829999999957e+02 1.053881737324423140e+00 2.199977073035866947e-03
2.100000000000000000e+02 1.132380500000000012e+02 1.053536147056245209e+00 2.199977073035866947e-03
2.120000000000000000e+02 1.144086170000000067e+02 1.036905669029043020e+00 2.183119011173523336e-03
2.130000000000000000e+02 1.149964829999999978e+02 1.033997653357788815e+00 2.174689980242351314e-03
2.140000000000000000e+02 1.155872329999999977e+02 1.020932655414472201e+00 2.166260949311179292e-03
2.160000000000000000e+02 1.167622170000000068e+02 1.007538925264840124e+00 2.157831918380007704e-03
2.170000000000000000e+02 1.173508999999999958e+02 1.010177211946296838e+00 2.157831918380007704e-03
2.180000000000000000e+02 1.179421669999999978e+02 1.014543449968643873e+00 2.157831918380007704e-03
2.190000000000000000e+02 1.185300670000000025e+02 1.024708861271637295e+00 2.166260949311179292e-03
2.200000000000000000e+02 1.191187330000000060e+02 1.014661456401680262e+00 2.157831918380007704e-03
2.210000000000000000e+02 1.197084329999999994e+02 9.957129948684059206e-01 2.140973856517663660e-03
2.220000000000000000e+02 1.202981330000000071e+02 9.696167151054977396e-01 2.115686763724148028e-03
2.240000000000000000e+02 1.214715499999999935e+02 1.001385732685084573e+00 2.149402887448835682e-03
2.270000000000000000e+02 1.232386000000000053e+02 6.226778019784621199e-01 1.736380371821412243e-03
2.290000000000000000e+02 1.244167000000000058e+02 1.006982609223382674e+00 2.149402887448835682e-03
2.310000000000000000e+02 1.255875170000000054e+02 1.011551143988077994e+00 2.157831918380007704e-03
2.320000000000000000e+02 1.261720169999999968e+02 9.564168526672824910e-01 2.107257732792976006e-03
2.350000000000000000e+02 1.279393170000000026e+02 9.297811149247793283e-01 2.081970639999460373e-03
2.380000000000000000e+02 1.297058499999999981e+02 1.004285319325407766e+00 2.149402887448835682e-03
2.420000000000000000e+02 1.320662499999999966e+02 9.596451715139213690e-01 2.107257732792976006e-03
2.430000000000000000e+02 1.326567330000000027e+02 9.325121209464789507e-01 2.081970639999460373e-03
2.440000000000000000e+02 1.332464329999999961e+02 9.309864663479369140e-01 2.081970639999460373e-03
2.460000000000000000e+02 1.344209170000000029e+02 8.507758080069049988e-01 2.006109361618913477e-03
3.570000000000000000e+02 1.998013170000000116e+02 7.819274833610928566e-01 1.947106145100709973e-03
