0.000000000000000000e+00 0.000000000000000000e+00 5.151905967954197862e-01 9.862266112266111495e-01
1.000000000000000000e+00 5.808999999999999719e-01 5.618034555761739490e-01 9.862266112266111495e-01
2.000000000000000000e+00 1.171483000000000052e+00 5.463185058795166915e-01 9.862266112266111495e-01
3.000000000000000000e+00 1.762350000000000083e+00 4.895140220433095157e-01 9.862266112266111495e-01
4.000000000000000000e+00 2.350067000000000128e+00 4.179356321189650059e-01 9.862266112266111495e-01
6.000000000000000000e+00 3.528350000000000097e+00 4.724489754388300211e-01 9.862266112266111495e-01
7.000000000000000000e+00 4.118916999999999717e+00 5.829767541409910381e-01 9.948024948024948300e-01
8.000000000000000000e+00 4.709850000000000314e+00 5.167706937032420234e-01 9.862266112266111495e-01
9.000000000000000000e+00 5.297517000000000031e+00 5.821077008416889464e-01 9.862266112266111495e-01
1.000000000000000000e+01 5.883666999999999980e+00 6.547921586015088558e-01 9.862266112266111495e-01
1.100000000000000000e+01 6.472682999999999964e+00 6.076262659030170488e-01 9.862266112266111495e-01
1.200000000000000000e+01 7.063049999999999606e+00 6.459436159177047720e-01 9.862266112266111495e-01
1.300000000000000000e+01 7.651283000000000278e+00 6.282465305500963826e-01 9.776507276507275801e-01
1.400000000000000000e+01 8.240816999999999837e+00 6.388331798325049826e-01 9.776507276507275801e-01
1.500000000000000000e+01 8.826933000000000362e+00 6.679859677818240637e-01 9.862266112266111495e-01
1.600000000000000000e+01 9.414633000000000251e+00 6.848930046955212791e-01 9.776507276507275801e-01
1.700000000000000000e+01 1.000021699999999925e+01 7.916285508189091491e-01 9.862266112266111495e-01
1.800000000000000000e+01 1.058846699999999963e+01 8.346071867116723331e-01 9.948024948024948300e-01
1.900000000000000000e+01 1.117828300000000041e+01 8.800349728115598458e-01 1.003378378378378288e+00
2.000000000000000000e+01 1.176863299999999946e+01 9.171672501453809190e-01 1.011954261954261858e+00
2.100000000000000000e+01 1.235763299999999987e+01 8.837482005449418532e-01 1.003378378378378288e+00
2.200000000000000000e+01 1.294718300000000077e+01 9.245147007667540162e-01 1.011954261954261858e+00
2.300000000000000000e+01 1.353674999999999962e+01 9.493222222195620841e-01 1.020530145530145427e+00
2.400000000000000000e+01 1.412711700000000015e+01 9.556426098508508105e-01 1.011954261954261858e+00
2.500000000000000000e+01 1.471668299999999974e+01 9.993322893521339179e-01 1.020530145530145427e+00
2.600000000000000000e+01 1.530564999999999998e+01 1.012210079150884567e+00 1.011954261954261858e+00
2.700000000000000000e+01 1.589333300000000015e+01 1.062457160819629820e+00 1.020530145530145427e+00
2.800000000000000000e+01 1.648101700000000136e+01 1.159554115805302432e+00 1.029106029106028997e+00
2.900000000000000000e+01 1.706973299999999938e+01 1.172510910449444221e+00 1.029106029106028997e+00
3.000000000000000000e+01 1.765739999999999910e+01 1.177014186636737403e+00 1.029106029106028997e+00
3.100000000000000000e+01 1.824638300000000157e+01 1.172273895913270803e+00 1.029106029106028997e+00
3.200000000000000000e+01 1.896318300000000079e+01 1.142647078891605217e+00 1.020530145530145427e+00
3.300000000000000000e+01 1.954230000000000089e+01 1.171088823232404152e+00 1.029106029106028997e+00
3.400000000000000000e+01 2.012141700000000100e+01 1.203085785615803260e+00 1.029106029106028997e+00
3.500000000000000000e+01 2.070203300000000013e+01 1.177962244781430634e+00 1.020530145530145427e+00
3.600000000000000000e+01 2.128136699999999948e+01 1.177409210863692879e+00 1.020530145530145427e+00
3.700000000000000000e+01 2.186673299999999998e+01 1.178357269008386332e+00 1.029106029106028997e+00
3.800000000000000000e+01 2.245550000000000068e+01 1.107173903310997298e+00 1.020530145530145427e+00
3.900000000000000000e+01 2.304448299999999961e+01 1.197081417366079092e+00 1.029106029106028997e+00
4.000000000000000000e+01 2.362956700000000154e+01 1.193684209014261421e+00 1.020530145530145427e+00
4.100000000000000000e+01 2.421930000000000049e+01 1.189022923136185961e+00 1.020530145530145427e+00
4.200000000000000000e+01 2.480941699999999983e+01 1.215489546342207294e+00 1.029106029106028997e+00
4.300000000000000000e+01 2.539971699999999899e+01 1.222916001808971531e+00 1.020530145530145427e+00
4.400000000000000000e+01 2.603426699999999983e+01 1.230500466966518047e+00 1.020530145530145427e+00
4.500000000000000000e+01 2.661366699999999952e+01 1.246538450580912949e+00 1.029106029106028997e+00
4.600000000000000000e+01 2.719290000000000163e+01 1.233660660782162299e+00 1.020530145530145427e+00
4.700000000000000000e+01 2.778121700000000160e+01 1.238321946660237760e+00 1.020530145530145427e+00
4.800000000000000000e+01 2.836285000000000167e+01 1.259100220998099262e+00 1.029106029106028997e+00
4.900000000000000000e+01 2.895221700000000098e+01 1.233660660782162299e+00 1.020530145530145427e+00
5.000000000000000000e+01 2.954179999999999851e+01 1.243694276146833033e+00 1.029106029106028997e+00
5.100000000000000000e+01 3.012986700000000084e+01 1.240850101712753117e+00 1.029106029106028997e+00
5.200000000000000000e+01 3.071865000000000023e+01 1.202532751698065505e+00 1.020530145530145427e+00
5.300000000000000000e+01 3.130901700000000076e+01 1.191472073343310178e+00 1.020530145530145427e+00
5.400000000000000000e+01 3.189778300000000044e+01 1.187995860146101590e+00 1.020530145530145427e+00
5.500000000000000000e+01 3.248788299999999651e+01 1.158369043124435782e+00 1.020530145530145427e+00
5.600000000000000000e+01 3.307771699999999981e+01 1.164057391992595614e+00 1.020530145530145427e+00
5.700000000000000000e+01 3.366723300000000307e+01 1.191788092724874737e+00 1.011954261954261858e+00
5.800000000000000000e+01 3.434628299999999967e+01 1.222916001808971531e+00 1.020530145530145427e+00
5.900000000000000000e+01 3.492546699999999760e+01 1.250488692850468375e+00 1.020530145530145427e+00
6.000000000000000000e+01 3.550450000000000017e+01 1.253885901202286046e+00 1.020530145530145427e+00
6.100000000000000000e+01 3.608514999999999873e+01 1.255782017491672731e+00 1.020530145530145427e+00
6.200000000000000000e+01 3.666434999999999889e+01 1.268659807290423380e+00 1.020530145530145427e+00
6.300000000000000000e+01 3.724363300000000265e+01 1.292519270598538217e+00 1.020530145530145427e+00
6.400000000000000000e+01 3.782483299999999815e+01 1.301051793900777964e+00 1.029106029106028997e+00
6.500000000000000000e+01 3.840780000000000172e+01 1.311638443183186675e+00 1.029106029106028997e+00
6.600000000000000000e+01 3.899025000000000318e+01 1.291808226990018404e+00 1.029106029106028997e+00
6.700000000000000000e+01 3.957058299999999917e+01 1.303974973180249020e+00 1.020530145530145427e+00
6.800000000000000000e+01 4.015509999999999735e+01 1.332416717521048177e+00 1.029106029106028997e+00
6.900000000000000000e+01 4.073854999999999649e+01 1.319696937413079807e+00 1.029106029106028997e+00
7.000000000000000000e+01 4.132096700000000311e+01 1.318037835659866319e+00 1.029106029106028997e+00
7.100000000000000000e+01 4.190261699999999934e+01 1.310532375347711165e+00 1.020530145530145427e+00
7.200000000000000000e+01 4.248688299999999884e+01 1.314324607926484312e+00 1.029106029106028997e+00
7.300000000000000000e+01 4.307589999999999719e+01 1.303421939262511264e+00 1.029106029106028997e+00
7.400000000000000000e+01 4.366493299999999778e+01 1.266368666774081442e+00 1.020530145530145427e+00
7.500000000000000000e+01 4.425316699999999770e+01 1.240692092021971060e+00 1.020530145530145427e+00
7.600000000000000000e+01 4.484211700000000178e+01 1.248908595942646249e+00 1.020530145530145427e+00
7.700000000000000000e+01 4.543161700000000280e+01 1.272610049559979029e+00 1.020530145530145427e+00
7.800000000000000000e+01 4.602191700000000196e+01 1.298286624312089188e+00 1.029106029106028997e+00
7.900000000000000000e+01 4.660936699999999888e+01 1.311638443183186675e+00 1.029106029106028997e+00
8.000000000000000000e+01 4.719783300000000281e+01 1.311717448028577815e+00 1.029106029106028997e+00
8.100000000000000000e+01 4.778735000000000355e+01 1.306424123387373459e+00 1.029106029106028997e+00
8.200000000000000000e+01 4.837251700000000199e+01 1.298207619466698048e+00 1.029106029106028997e+00
8.300000000000000000e+01 4.895441699999999940e+01 1.299392692147564699e+00 1.029106029106028997e+00
8.400000000000000000e+01 4.954440000000000310e+01 1.272847064096152225e+00 1.020530145530145427e+00
8.500000000000000000e+01 5.013049999999999784e+01 1.282406650388476343e+00 1.020530145530145427e+00
8.600000000000000000e+01 5.071448300000000131e+01 1.283117693996996378e+00 1.020530145530145427e+00
8.700000000000000000e+01 5.129590000000000316e+01 1.314166598235702033e+00 1.029106029106028997e+00
8.800000000000000000e+01 5.188221699999999714e+01 1.298128614621307131e+00 1.020530145530145427e+00
8.900000000000000000e+01 5.246983300000000128e+01 1.306740142768937796e+00 1.029106029106028997e+00
9.000000000000000000e+01 5.305798300000000012e+01 1.307609196068240109e+00 1.020530145530145427e+00
9.100000000000000000e+01 5.364613299999999896e+01 1.312191477100924430e+00 1.029106029106028997e+00
9.200000000000000000e+01 5.423063299999999742e+01 1.314719632153439788e+00 1.029106029106028997e+00
9.300000000000000000e+01 5.482085000000000008e+01 1.321514048857075130e+00 1.029106029106028997e+00
9.400000000000000000e+01 5.541056700000000035e+01 1.312823515864053325e+00 1.020530145530145427e+00
9.500000000000000000e+01 5.600028300000000314e+01 1.315035651535004346e+00 1.020530145530145427e+00
9.600000000000000000e+01 5.658919999999999817e+01 1.329414533396185982e+00 1.029106029106028997e+00
9.700000000000000000e+01 5.717994999999999806e+01 1.320091961640035283e+00 1.020530145530145427e+00
9.800000000000000000e+01 5.776261699999999877e+01 1.313692569163355417e+00 1.020530145530145427e+00
9.900000000000000000e+01 5.834843299999999999e+01 1.319301913186124109e+00 1.020530145530145427e+00
1.000000000000000000e+02 5.893945000000000078e+01 1.316694753288217612e+00 1.029106029106028997e+00
1.010000000000000000e+02 5.953045000000000186e+01 1.313692569163355417e+00 1.046257796257796135e+00
1.020000000000000000e+02 6.011990000000000123e+01 1.304528007097986775e+00 1.046257796257796135e+00
1.030000000000000000e+02 6.070960000000000178e+01 1.305555070088071146e+00 1.054833679833679705e+00
1.040000000000000000e+02 6.129828299999999786e+01 1.323331160301070675e+00 1.046257796257796135e+00
1.050000000000000000e+02 6.188798299999999841e+01 1.261154346978268226e+00 1.037681912681912566e+00
1.060000000000000000e+02 6.247796699999999959e+01 1.241087116248926536e+00 1.037681912681912566e+00
1.070000000000000000e+02 6.306714999999999804e+01 1.338263076079990288e+00 1.046257796257796135e+00
1.080000000000000000e+02 6.365294999999999703e+01 1.341107250514070204e+00 1.046257796257796135e+00
1.090000000000000000e+02 6.424108300000000327e+01 1.331942688448701562e+00 1.046257796257796135e+00
1.100000000000000000e+02 6.482948299999999620e+01 1.274348156158583212e+00 1.037681912681912566e+00
1.110000000000000000e+02 6.541113300000000663e+01 1.168323653643715376e+00 1.029106029106028997e+00
1.120000000000000000e+02 6.599328300000000525e+01 1.202532751698065505e+00 1.029106029106028997e+00
1.130000000000000000e+02 6.658143300000000409e+01 1.301604827818515719e+00 1.037681912681912566e+00
1.140000000000000000e+02 6.717113299999999754e+01 1.287857984720462978e+00 1.037681912681912566e+00
1.150000000000000000e+02 6.776005000000000678e+01 1.271978010796850134e+00 1.037681912681912566e+00
1.160000000000000000e+02 6.834820000000000562e+01 1.242272188929793186e+00 1.029106029106028997e+00
1.170000000000000000e+02 6.893789999999999907e+01 1.282643664924649762e+00 1.037681912681912566e+00
1.180000000000000000e+02 6.952656700000000001e+01 1.276718301520316512e+00 1.037681912681912566e+00
1.190000000000000000e+02 7.011419999999999675e+01 1.281774611625347449e+00 1.037681912681912566e+00
1.200000000000000000e+02 7.073748299999999745e+01 1.288806042865156209e+00 1.037681912681912566e+00
1.210000000000000000e+02 7.131676699999999869e+01 1.312507496482488767e+00 1.037681912681912566e+00
1.220000000000000000e+02 7.189606700000000217e+01 1.267395729764165813e+00 1.029106029106028997e+00
1.230000000000000000e+02 7.248005000000000564e+01 1.282090631006912007e+00 1.037681912681912566e+00
1.240000000000000000e+02 7.306923299999999699e+01 1.233739665627553439e+00 1.029106029106028997e+00
1.250000000000000000e+02 7.365866699999999412e+01 1.187679840764537031e+00 1.029106029106028997e+00
1.260000000000000000e+02 7.424083299999999497e+01 1.154655815391053553e+00 1.029106029106028997e+00
1.270000000000000000e+02 7.482351699999999539e+01 1.042863959162634746e+00 1.020530145530145427e+00
1.280000000000000000e+02 7.540541699999999992e+01 8.688952896114134905e-01 1.003378378378378288e+00
1.290000000000000000e+02 7.598781700000000683e+01 6.797576897450992028e-01 9.862266112266111495e-01
1.300000000000000000e+02 7.657701699999999789e+01 4.525397544002706107e-01 9.862266112266111495e-01
1.320000000000000000e+02 7.775435000000000230e+01 4.524607495548795266e-01 1.003378378378378288e+00
1.340000000000000000e+02 7.893141699999999616e+01 5.531919274285430621e-01 9.948024948024948300e-01
1.350000000000000000e+02 7.951981700000000330e+01 6.961116927410587740e-01 9.948024948024948300e-01
1.360000000000000000e+02 8.010301699999999414e+01 8.010301274204510991e-01 9.948024948024948300e-01
1.370000000000000000e+02 8.069193300000000590e+01 7.771706641123362624e-01 9.862266112266111495e-01
1.380000000000000000e+02 8.128086700000000064e+01 5.272783381402594838e-01 9.862266112266111495e-01
1.390000000000000000e+02 8.186926699999999357e+01 6.414403397304114796e-01 9.776507276507275801e-01
1.400000000000000000e+02 8.245741700000000662e+01 7.712453007080031231e-01 9.862266112266111495e-01
1.410000000000000000e+02 8.304633300000000418e+01 8.557804852764894221e-01 1.003378378378378288e+00
1.420000000000000000e+02 8.363500000000000512e+01 8.788499001306931957e-01 1.011954261954261858e+00
1.430000000000000000e+02 8.422575000000000500e+01 8.727665270355777771e-01 1.003378378378378288e+00
1.440000000000000000e+02 8.481493299999999635e+01 1.018530466782173294e+00 1.020530145530145427e+00
1.450000000000000000e+02 8.546478299999999706e+01 1.213356415516647413e+00 1.020530145530145427e+00
1.460000000000000000e+02 8.604381700000000421e+01 1.243299251919877557e+00 1.020530145530145427e+00
1.470000000000000000e+02 8.667621699999999407e+01 1.212250347681171903e+00 1.020530145530145427e+00
1.480000000000000000e+02 8.730679999999999552e+01 1.218017701394722874e+00 1.020530145530145427e+00
1.490000000000000000e+02 8.794285000000000707e+01 1.242588208311357523e+00 1.020530145530145427e+00
1.500000000000000000e+02 8.852188300000000254e+01 1.249461629860384004e+00 1.020530145530145427e+00
1.510000000000000000e+02 8.915898300000000631e+01 1.270002889662072310e+00 1.020530145530145427e+00
1.520000000000000000e+02 8.973905000000000598e+01 1.246301436044739752e+00 1.020530145530145427e+00
1.530000000000000000e+02 9.032928300000000377e+01 1.264630560175477036e+00 1.020530145530145427e+00
1.540000000000000000e+02 9.091508299999999565e+01 1.297101551631222538e+00 1.020530145530145427e+00
1.550000000000000000e+02 9.150374999999999659e+01 1.287778979875071839e+00 1.020530145530145427e+00
1.560000000000000000e+02 9.208928299999999467e+01 1.216358599641509608e+00 1.003378378378378288e+00
1.570000000000000000e+02 9.267691700000000310e+01 1.267948763681903568e+00 1.011954261954261858e+00
1.580000000000000000e+02 9.326609999999999445e+01 1.306582133078155739e+00 1.020530145530145427e+00
1.590000000000000000e+02 9.385554999999999382e+01 1.226234205315398063e+00 1.011954261954261858e+00
1.600000000000000000e+02 9.444370000000000687e+01 1.217148648095420560e+00 1.020530145530145427e+00
1.610000000000000000e+02 9.503366699999999412e+01 1.169192706943017690e+00 1.011954261954261858e+00
1.620000000000000000e+02 9.562284999999999968e+01 7.923395944274291836e-01 9.862266112266111495e-01
1.630000000000000000e+02 9.621386699999999337e+01 5.253032170054817707e-01 9.433471933471933024e-01
1.640000000000000000e+02 9.680356700000000103e+01 4.007915806690944271e-01 9.347713097713097330e-01
1.670000000000000000e+02 9.857216699999999321e+01 2.878146517598089704e-01 9.862266112266111495e-01
1.680000000000000000e+02 9.915353299999999592e+01 2.288770370980419133e-01 1.003378378378378288e+00
1.730000000000000000e+02 1.020757669999999990e+02 4.453503134696797372e-01 9.690748440748440107e-01
1.740000000000000000e+02 1.026659999999999968e+02 6.602434929334953795e-01 9.690748440748440107e-01
1.750000000000000000e+02 1.032544000000000040e+02 8.495391024905918353e-01 1.003378378378378288e+00
1.760000000000000000e+02 1.038417670000000044e+02 1.005178647911076029e+00 9.948024948024948300e-01
1.770000000000000000e+02 1.044306830000000019e+02 1.121710794862961214e+00 1.003378378378378288e+00
1.780000000000000000e+02 1.050188330000000008e+02 1.197397436747643429e+00 1.003378378378378288e+00
1.790000000000000000e+02 1.056077499999999958e+02 1.196686393139123394e+00 1.003378378378378288e+00
1.800000000000000000e+02 1.061964169999999967e+02 1.273242088323107701e+00 1.011954261954261858e+00
1.810000000000000000e+02 1.067869170000000025e+02 1.284302766677863028e+00 1.011954261954261858e+00
1.820000000000000000e+02 1.073773999999999944e+02 1.306898152459720075e+00 1.011954261954261858e+00
1.830000000000000000e+02 1.079671330000000040e+02 1.309268297821453375e+00 1.011954261954261858e+00
1.840000000000000000e+02 1.085578670000000017e+02 1.323173150610288396e+00 1.011954261954261858e+00
1.850000000000000000e+02 1.091478330000000057e+02 1.323963199064199570e+00 1.011954261954261858e+00
1.860000000000000000e+02 1.097393670000000014e+02 1.315351670916568683e+00 1.011954261954261858e+00
1.870000000000000000e+02 1.103303829999999977e+02 1.294257377197142622e+00 1.011954261954261858e+00
1.880000000000000000e+02 1.109201000000000050e+02 1.301051793900777964e+00 1.011954261954261858e+00
1.890000000000000000e+02 1.115105829999999969e+02 1.295126430496444936e+00 1.011954261954261858e+00
1.900000000000000000e+02 1.121000329999999963e+02 1.283354708533169797e+00 1.011954261954261858e+00
1.910000000000000000e+02 1.126897330000000039e+02 1.211302289536478671e+00 1.003378378378378288e+00
1.920000000000000000e+02 1.132784170000000046e+02 1.171957876531706466e+00 1.003378378378378288e+00
1.930000000000000000e+02 1.138647500000000008e+02 1.140671957756827393e+00 9.948024948024948300e-01
1.940000000000000000e+02 1.144474170000000015e+02 1.150073534358369232e+00 9.948024948024948300e-01
1.950000000000000000e+02 1.150298499999999962e+02 1.207431052112314163e+00 1.003378378378378288e+00
1.960000000000000000e+02 1.156122670000000028e+02 1.246617455426304089e+00 1.011954261954261858e+00
1.970000000000000000e+02 1.161962500000000063e+02 1.276876311211098791e+00 1.011954261954261858e+00
1.980000000000000000e+02 1.167862169999999935e+02 1.288806042865156209e+00 1.011954261954261858e+00
1.990000000000000000e+02 1.173751500000000050e+02 1.307056162150502354e+00 1.011954261954261858e+00
2.000000000000000000e+02 1.179570329999999956e+02 1.321435044011683990e+00 1.020530145530145427e+00
2.010000000000000000e+02 1.185454330000000027e+02 1.318985893804559772e+00 1.020530145530145427e+00
2.020000000000000000e+02 1.191348830000000021e+02 1.340554216596332449e+00 1.020530145530145427e+00
2.030000000000000000e+02 1.197251169999999973e+02 1.328150455869928415e+00 1.020530145530145427e+00
2.040000000000000000e+02 1.203156000000000034e+02 1.339053124533901240e+00 1.011954261954261858e+00
2.050000000000000000e+02 1.208964670000000012e+02 1.332416717521048177e+00 1.011954261954261858e+00
2.060000000000000000e+02 1.214861669999999947e+02 1.308715263903715620e+00 1.011954261954261858e+00
2.070000000000000000e+02 1.220748499999999979e+02 1.338184071234599148e+00 1.011954261954261858e+00
2.080000000000000000e+02 1.226559500000000043e+02 1.322383102156377443e+00 1.011954261954261858e+00
2.090000000000000000e+02 1.232381170000000026e+02 1.304686016788769054e+00 1.003378378378378288e+00
2.100000000000000000e+02 1.238265169999999955e+02 1.306424123387373459e+00 1.003378378378378288e+00
2.110000000000000000e+02 1.244146669999999943e+02 1.262260414813743736e+00 1.003378378378378288e+00
2.120000000000000000e+02 1.249970830000000035e+02 1.286988931421160665e+00 1.011954261954261858e+00
2.130000000000000000e+02 1.255849500000000063e+02 1.295758469259573831e+00 1.003378378378378288e+00
2.140000000000000000e+02 1.261757000000000062e+02 1.257757138626450555e+00 1.003378378378378288e+00
2.150000000000000000e+02 1.267640999999999991e+02 1.257283109554103939e+00 1.003378378378378288e+00
2.160000000000000000e+02 1.273506830000000036e+02 1.255307988419326115e+00 1.003378378378378288e+00
2.170000000000000000e+02 1.279393670000000043e+02 1.287225945957334083e+00 1.011954261954261858e+00
2.180000000000000000e+02 1.285306329999999946e+02 1.264156531103130199e+00 1.003378378378378288e+00
2.190000000000000000e+02 1.291185330000000135e+02 1.285724853894902875e+00 1.003378378378378288e+00
2.200000000000000000e+02 1.297072000000000003e+02 1.276244272447969896e+00 1.011954261954261858e+00
2.210000000000000000e+02 1.302968999999999937e+02 1.236583840061633355e+00 9.948024948024948300e-01
2.220000000000000000e+02 1.308865999999999872e+02 1.205139911595972002e+00 9.948024948024948300e-01
2.230000000000000000e+02 1.314713669999999865e+02 1.213435420362038553e+00 9.948024948024948300e-01
2.240000000000000000e+02 1.320600169999999878e+02 1.242667213156748662e+00 9.948024948024948300e-01
2.250000000000000000e+02 1.326494830000000036e+02 1.251357746149770689e+00 9.948024948024948300e-01
2.260000000000000000e+02 1.332381330000000048e+02 1.069014562987091743e+00 9.604989604989604413e-01
2.270000000000000000e+02 1.338270669999999996e+02 7.631078016327189628e-01 8.833160083160083165e-01
2.280000000000000000e+02 1.344165000000000134e+02 9.741297436723702630e-01 9.347713097713097330e-01
2.290000000000000000e+02 1.350051670000000001e+02 1.269923884816681170e+00 1.003378378378378288e+00
2.300000000000000000e+02 1.355925330000000031e+02 1.253806896356895129e+00 9.948024948024948300e-01
2.310000000000000000e+02 1.361759830000000022e+02 1.280431529253698741e+00 1.003378378378378288e+00
2.320000000000000000e+02 1.367604829999999936e+02 1.197871465819990044e+00 9.948024948024948300e-01
2.330000000000000000e+02 1.373494169999999883e+02 1.187442826228363835e+00 9.948024948024948300e-01
2.340000000000000000e+02 1.379378169999999955e+02 1.149441495595240559e+00 9.862266112266111495e-01
2.350000000000000000e+02 1.385277829999999994e+02 1.168955692406844271e+00 9.862266112266111495e-01
2.360000000000000000e+02 1.391138500000000136e+02 1.191630083034092458e+00 9.948024948024948300e-01
2.370000000000000000e+02 1.397035669999999925e+02 1.230105442739562349e+00 9.948024948024948300e-01
2.380000000000000000e+02 1.402943170000000066e+02 1.244405319755353068e+00 9.948024948024948300e-01
2.390000000000000000e+02 1.408845499999999902e+02 1.236346825525459936e+00 1.003378378378378288e+00
2.400000000000000000e+02 1.414742500000000121e+02 1.232791607482860208e+00 9.948024948024948300e-01
2.410000000000000000e+02 1.420639669999999910e+02 1.233423646245989103e+00 9.948024948024948300e-01
2.420000000000000000e+02 1.426547170000000051e+02 1.201031659635634519e+00 9.948024948024948300e-01
2.430000000000000000e+02 1.432452000000000112e+02 1.176066128492044172e+00 9.948024948024948300e-01
2.440000000000000000e+02 1.438349000000000046e+02 1.170693799005448676e+00 9.948024948024948300e-01
2.450000000000000000e+02 1.444220170000000110e+02 1.130954361773720995e+00 9.862266112266111495e-01
2.460000000000000000e+02 1.450093830000000139e+02 1.084183493302184775e+00 9.862266112266111495e-01
2.470000000000000000e+02 1.455972500000000025e+02 1.073122814947429449e+00 9.776507276507275801e-01
2.480000000000000000e+02 1.461861829999999998e+02 1.038044663593777228e+00 9.776507276507275801e-01
2.490000000000000000e+02 1.467753669999999886e+02 9.388145777825446237e-01 9.690748440748440107e-01
2.500000000000000000e+02 1.473656000000000006e+02 8.248105858831747961e-01 9.604989604989604413e-01
2.510000000000000000e+02 1.479529499999999871e+02 7.593155690539457048e-01 9.604989604989604413e-01
2.520000000000000000e+02 1.485398000000000138e+02 7.522051329687459154e-01 9.604989604989604413e-01
2.530000000000000000e+02 1.491261169999999936e+02 7.781187222570296047e-01 9.604989604989604413e-01
2.540000000000000000e+02 1.497158169999999870e+02 7.398803770877329100e-01 9.604989604989604413e-01
2.550000000000000000e+02 1.503010999999999910e+02 6.502888824142156743e-01 9.519230769230768718e-01
2.560000000000000000e+02 1.508913330000000030e+02 6.308536904480029905e-01 9.519230769230768718e-01
2.570000000000000000e+02 1.514820829999999887e+02 6.205040557017676983e-01 9.433471933471933024e-01
2.580000000000000000e+02 1.520725669999999923e+02 5.787894973352623040e-01 9.347713097713097330e-01
2.590000000000000000e+02 1.526646169999999927e+02 5.277523672126060994e-01 9.261954261954261636e-01
2.600000000000000000e+02 1.532540500000000065e+02 5.144795531868998628e-01 9.261954261954261636e-01
2.620000000000000000e+02 1.544358169999999859e+02 4.383188822298710874e-01 9.261954261954261636e-01
2.630000000000000000e+02 1.550265670000000000e+02 3.871237424164326035e-01 9.261954261954261636e-01
2.640000000000000000e+02 1.556173170000000141e+02 4.111412154153296639e-01 9.347713097713097330e-01
2.690000000000000000e+02 1.585645499999999970e+02 4.087710700535964192e-01 9.433471933471933024e-01
2.700000000000000000e+02 1.591547830000000090e+02 4.429801681079464926e-01 9.433471933471933024e-01
2.710000000000000000e+02 1.597450000000000045e+02 4.888819832801806209e-01 9.433471933471933024e-01
2.720000000000000000e+02 1.603339170000000138e+02 4.901460608064383551e-01 9.347713097713097330e-01
2.730000000000000000e+02 1.609223330000000090e+02 5.076061316378733812e-01 9.433471933471933024e-01
2.740000000000000000e+02 1.615099669999999890e+02 4.502486138839284502e-01 9.433471933471933024e-01
2.780000000000000000e+02 1.638633169999999950e+02 1.747587180051324296e-01 9.604989604989604413e-01
2.800000000000000000e+02 1.650403829999999914e+02 1.269607865435116723e-01 9.776507276507275801e-01
2.810000000000000000e+02 1.656290500000000065e+02 3.855436455086104219e-01 1.037681912681912566e+00
3.050000000000000000e+02 1.797666330000000130e+02 1.919027694550030361e-01 9.776507276507275801e-01
3.060000000000000000e+02 1.803552999999999997e+02 2.597679316459653998e-01 9.776507276507275801e-01
3.080000000000000000e+02 1.815334000000000003e+02 4.037147599485654270e-01 9.604989604989604413e-01
3.090000000000000000e+02 1.821220669999999870e+02 4.613882970840748055e-01 9.604989604989604413e-01
3.100000000000000000e+02 1.827109829999999988e+02 5.360478759786725389e-01 9.519230769230768718e-01
3.110000000000000000e+02 1.833009670000000142e+02 6.224791768365454114e-01 9.604989604989604413e-01
3.120000000000000000e+02 1.838903999999999996e+02 6.344879133359939694e-01 9.604989604989604413e-01
3.130000000000000000e+02 1.844785500000000127e+02 4.939382933852115576e-01 9.433471933471933024e-01
3.140000000000000000e+02 1.850669499999999914e+02 7.618437241064611731e-01 9.862266112266111495e-01
3.150000000000000000e+02 1.856571830000000034e+02 8.512772090891962407e-01 9.948024948024948300e-01
3.160000000000000000e+02 1.862476670000000070e+02 8.362662884648855988e-01 9.948024948024948300e-01
3.170000000000000000e+02 1.868290330000000097e+02 6.928724940800232712e-01 9.604989604989604413e-01
3.180000000000000000e+02 1.874161499999999876e+02 6.524220132397756666e-01 9.519230769230768718e-01
3.190000000000000000e+02 1.879962329999999895e+02 6.218471380734165166e-01 9.519230769230768718e-01
3.200000000000000000e+02 1.885864669999999990e+02 5.896921659992353515e-01 9.519230769230768718e-01
3.210000000000000000e+02 1.891759169999999983e+02 6.099964112647502379e-01 9.604989604989604413e-01
3.220000000000000000e+02 1.897661500000000103e+02 6.187659491031632930e-01 9.604989604989604413e-01
3.230000000000000000e+02 1.903561170000000118e+02 5.434743314454367757e-01 9.604989604989604413e-01
3.250000000000000000e+02 1.915352670000000046e+02 1.226945248923918125e-01 9.604989604989604413e-01
3.260000000000000000e+02 1.921239329999999939e+02 1.587997392361284732e-01 9.604989604989604413e-01
3.290000000000000000e+02 1.938912329999999997e+02 6.719362100513794900e-01 9.604989604989604413e-01
3.300000000000000000e+02 1.944786000000000001e+02 7.302417859500176522e-01 9.690748440748440107e-01
3.310000000000000000e+02 1.950677670000000035e+02 5.210369553543618970e-01 9.519230769230768718e-01
3.320000000000000000e+02 1.956538329999999917e+02 3.902049313866858826e-01 9.519230769230768718e-01
3.330000000000000000e+02 1.962432829999999910e+02 5.169287033940241916e-01 9.433471933471933024e-01
3.340000000000000000e+02 1.968303830000000119e+02 5.530339177377608939e-01 9.519230769230768718e-01
3.350000000000000000e+02 1.974188000000000045e+02 6.860780773763879292e-01 9.604989604989604413e-01
3.360000000000000000e+02 1.980092830000000106e+02 6.426254124112781296e-01 9.604989604989604413e-01
3.370000000000000000e+02 1.985987169999999935e+02 6.444425238552736745e-01 9.519230769230768718e-01
3.380000000000000000e+02 1.991873999999999967e+02 6.455485916907491850e-01 9.519230769230768718e-01
3.390000000000000000e+02 1.997776169999999922e+02 6.587424008710642820e-01 9.604989604989604413e-01
3.400000000000000000e+02 2.003683829999999944e+02 6.647467691207885609e-01 9.604989604989604413e-01
3.410000000000000000e+02 2.009562500000000114e+02 5.975136456929550643e-01 9.519230769230768718e-01
3.420000000000000000e+02 2.015459669999999903e+02 5.284634108211261339e-01 9.433471933471933024e-01
3.430000000000000000e+02 2.021359329999999943e+02 4.785323485339453842e-01 9.433471933471933024e-01
3.440000000000000000e+02 2.027248669999999890e+02 6.331448309643451511e-01 9.519230769230768718e-01
3.450000000000000000e+02 2.033143000000000029e+02 7.186280736775246814e-01 9.690748440748440107e-01
3.460000000000000000e+02 2.039045500000000004e+02 6.371740780792916059e-01 9.519230769230768718e-01
3.470000000000000000e+02 2.044944999999999879e+02 6.176598812676877825e-01 9.433471933471933024e-01
3.480000000000000000e+02 2.050813499999999863e+02 7.014050173822630185e-01 9.604989604989604413e-01
3.490000000000000000e+02 2.056705330000000060e+02 8.625749019801247641e-01 9.862266112266111495e-01
3.500000000000000000e+02 2.062612829999999917e+02 9.382615438648068684e-01 9.948024948024948300e-01
3.510000000000000000e+02 2.068517830000000117e+02 9.539835080976375448e-01 9.862266112266111495e-01
3.520000000000000000e+02 2.074414999999999907e+02 1.035516508541261649e+00 9.948024948024948300e-01
3.530000000000000000e+02 2.080314669999999921e+02 9.364444324208114345e-01 9.948024948024948300e-01
3.540000000000000000e+02 2.086201330000000098e+02 1.011341025851582476e+00 1.003378378378378288e+00
3.550000000000000000e+02 2.092101000000000113e+02 1.012763113068622323e+00 1.003378378378378288e+00
3.560000000000000000e+02 2.097998169999999902e+02 9.631480701630061869e-01 1.003378378378378288e+00
3.570000000000000000e+02 2.103897829999999942e+02 9.759468551163658079e-01 9.948024948024948300e-01
3.580000000000000000e+02 2.109792329999999936e+02 9.799761022313122627e-01 9.948024948024948300e-01
3.590000000000000000e+02 2.115702499999999873e+02 9.651231912977839000e-01 9.948024948024948300e-01
3.600000000000000000e+02 2.121586499999999944e+02 9.622790168637039843e-01 9.948024948024948300e-01
3.610000000000000000e+02 2.127488669999999900e+02 1.025324883485808636e+00 1.003378378378378288e+00
3.620000000000000000e+02 2.133393829999999980e+02 1.035200489159697312e+00 1.003378378378378288e+00
3.630000000000000000e+02 2.139288329999999974e+02 1.025008864104244299e+00 1.003378378378378288e+00
3.640000000000000000e+02 2.145177669999999921e+02 1.147466374460462735e+00 1.020530145530145427e+00
3.650000000000000000e+02 2.151061829999999873e+02 1.079759221960282511e+00 1.011954261954261858e+00
3.660000000000000000e+02 2.156891329999999982e+02 1.034647455241959557e+00 1.003378378378378288e+00
3.670000000000000000e+02 2.162715499999999906e+02 9.872445480072943313e-01 1.003378378378378288e+00
3.680000000000000000e+02 2.168545000000000016e+02 7.406704255416440841e-01 9.776507276507275801e-01
3.690000000000000000e+02 2.174361330000000123e+02 5.024708166874513049e-01 9.862266112266111495e-01
3.700000000000000000e+02 2.180180330000000026e+02 4.745031014189988183e-01 9.948024948024948300e-01
3.710000000000000000e+02 2.186056499999999971e+02 7.612116853433322783e-01 1.003378378378378288e+00
3.720000000000000000e+02 2.191878169999999955e+02 4.134323559316718244e-01 1.029106029106028997e+00
3.750000000000000000e+02 2.209569669999999917e+02 4.203057774806982505e-01 1.020530145530145427e+00
3.760000000000000000e+02 2.215469329999999957e+02 6.419933736481492348e-01 1.106288981288981343e+00
