0.000000000000000000e+00 0.000000000000000000e+00 5.284112526602936510e-01 8.082164724471657680e-01
1.000000000000000000e+00 5.808999999999999719e-01 5.600800642516783334e-01 8.212522220027651532e-01
2.000000000000000000e+00 1.171483000000000052e+00 5.396399650951223537e-01 8.125617222990322297e-01
3.000000000000000000e+00 1.762350000000000083e+00 4.987917878250754389e-01 7.951807228915662717e-01
4.000000000000000000e+00 2.350067000000000128e+00 4.198599166696019291e-01 7.560734742247680051e-01
6.000000000000000000e+00 3.528350000000000097e+00 4.644545559782656263e-01 7.777997234841004248e-01
7.000000000000000000e+00 4.118916999999999717e+00 5.843093201709379514e-01 8.386332214102311111e-01
8.000000000000000000e+00 4.709850000000000314e+00 5.338548299813608011e-01 8.125617222990322297e-01
9.000000000000000000e+00 5.297517000000000031e+00 5.733581234426735618e-01 8.255974718546317259e-01
1.000000000000000000e+01 5.883666999999999980e+00 6.338672211546924062e-01 8.560142208176970691e-01
1.100000000000000000e+01 6.472682999999999964e+00 5.960717166568516578e-01 8.386332214102311111e-01
1.200000000000000000e+01 7.063049999999999606e+00 6.400045877421700613e-01 8.603594706695635308e-01
1.300000000000000000e+01 7.651283000000000278e+00 6.406556822844937660e-01 8.560142208176970691e-01
1.400000000000000000e+01 8.240816999999999837e+00 6.262355392241766294e-01 8.516689709658306073e-01
1.500000000000000000e+01 8.826933000000000362e+00 6.592278872622522323e-01 8.647047205214299925e-01
1.600000000000000000e+01 9.414633000000000251e+00 7.087324198408980758e-01 8.864309697807624122e-01
1.700000000000000000e+01 1.000021699999999925e+01 7.956268570385599537e-01 9.255382184475607898e-01
1.800000000000000000e+01 1.058846699999999963e+01 8.374036445574948306e-01 9.429192178550267478e-01
1.900000000000000000e+01 1.117828300000000041e+01 8.918394177681662205e-01 9.689907169662256292e-01
2.000000000000000000e+01 1.176863299999999946e+01 9.138592217159339226e-01 9.776812166699585527e-01
2.100000000000000000e+01 1.235763299999999987e+01 9.074870341459788659e-01 9.776812166699585527e-01
2.200000000000000000e+01 1.294718300000000077e+01 9.459870015912517083e-01 9.950622160774245106e-01
2.300000000000000000e+01 1.353674999999999962e+01 9.613250812194350514e-01 9.994074659292909724e-01
2.400000000000000000e+01 1.412711700000000015e+01 9.620615652099323567e-01 9.994074659292909724e-01
2.500000000000000000e+01 1.471668299999999974e+01 9.972633652194998755e-01 1.012443215484890358e+00
2.600000000000000000e+01 1.530564999999999998e+01 1.032699986211544685e+00 1.025478965040489854e+00
2.700000000000000000e+01 1.589333300000000015e+01 1.061529598651157258e+00 1.038514714596089350e+00
2.800000000000000000e+01 1.648101700000000136e+01 1.173101586370990157e+00 1.081967213114754189e+00
2.900000000000000000e+01 1.706973299999999938e+01 1.178235626942427894e+00 1.081967213114754189e+00
3.000000000000000000e+01 1.765739999999999910e+01 1.175150933127156572e+00 1.081967213114754189e+00
3.100000000000000000e+01 1.824638300000000157e+01 1.182131520515348644e+00 1.081967213114754189e+00
3.200000000000000000e+01 1.896318300000000079e+01 1.152480034637065165e+00 1.073276713411021266e+00
3.300000000000000000e+01 1.954230000000000089e+01 1.156962980666179197e+00 1.073276713411021266e+00
3.400000000000000000e+01 2.012141700000000100e+01 1.193168106691786523e+00 1.086312462966620540e+00
3.500000000000000000e+01 2.070203300000000013e+01 1.182803962419715749e+00 1.081967213114754189e+00
3.600000000000000000e+01 2.128136699999999948e+01 1.167754072179118197e+00 1.077621963262887617e+00
3.700000000000000000e+01 2.186673299999999998e+01 1.158403927604108929e+00 1.073276713411021266e+00
3.800000000000000000e+01 2.245550000000000068e+01 1.104651269978826233e+00 1.051550464151688846e+00
3.900000000000000000e+01 2.304448299999999961e+01 1.184938698624055764e+00 1.081967213114754189e+00
4.000000000000000000e+01 2.362956700000000154e+01 1.195452274430430561e+00 1.086312462966620540e+00
4.100000000000000000e+01 2.421930000000000049e+01 1.201354820035430704e+00 1.090657712818487113e+00
4.200000000000000000e+01 2.480941699999999983e+01 1.216329994508876133e+00 1.095002962670353686e+00
4.300000000000000000e+01 2.539971699999999899e+01 1.238179019560296634e+00 1.103693462374086609e+00
4.400000000000000000e+01 2.603426699999999983e+01 1.241146302884329256e+00 1.103693462374086609e+00
4.500000000000000000e+01 2.661366699999999952e+01 1.241135629203307555e+00 1.103693462374086609e+00
4.600000000000000000e+01 2.719290000000000163e+01 1.244273691423687600e+00 1.103693462374086609e+00
4.700000000000000000e+01 2.778121700000000160e+01 1.254018762196499770e+00 1.108038712225952960e+00
4.800000000000000000e+01 2.836285000000000167e+01 1.255427688091364402e+00 1.108038712225952960e+00
4.900000000000000000e+01 2.895221700000000098e+01 1.247497143092241023e+00 1.103693462374086609e+00
5.000000000000000000e+01 2.954179999999999851e+01 1.231561337326842587e+00 1.099348212522220036e+00
5.100000000000000000e+01 3.012986700000000084e+01 1.220236561762818583e+00 1.095002962670353686e+00
5.200000000000000000e+01 3.071865000000000023e+01 1.201717725190168506e+00 1.086312462966620540e+00
5.300000000000000000e+01 3.130901700000000076e+01 1.196412905722383568e+00 1.086312462966620540e+00
5.400000000000000000e+01 3.189778300000000044e+01 1.178779984674534598e+00 1.077621963262887617e+00
5.500000000000000000e+01 3.248788299999999651e+01 1.155554054771314787e+00 1.068931463559154693e+00
5.600000000000000000e+01 3.307771699999999981e+01 1.159012327422345834e+00 1.073276713411021266e+00
5.700000000000000000e+01 3.366723300000000307e+01 1.201098651690909902e+00 1.086312462966620540e+00
5.800000000000000000e+01 3.434628299999999967e+01 1.214515468735187120e+00 1.090657712818487113e+00
5.900000000000000000e+01 3.492546699999999760e+01 1.239427840239835543e+00 1.099348212522220036e+00
6.000000000000000000e+01 3.550450000000000017e+01 1.251531794518443652e+00 1.103693462374086609e+00
6.100000000000000000e+01 3.608514999999999873e+01 1.263315538366400759e+00 1.108038712225952960e+00
6.200000000000000000e+01 3.666434999999999889e+01 1.273220714354538652e+00 1.112383962077819533e+00
6.300000000000000000e+01 3.724363300000000265e+01 1.271673030606392141e+00 1.112383962077819533e+00
6.400000000000000000e+01 3.782483299999999815e+01 1.281567532913508334e+00 1.116729211929686105e+00
6.500000000000000000e+01 3.840780000000000172e+01 1.292166498168056732e+00 1.121074461781552456e+00
6.600000000000000000e+01 3.899025000000000318e+01 1.298506664694946577e+00 1.121074461781552456e+00
6.700000000000000000e+01 3.957058299999999917e+01 1.308443861726149571e+00 1.125419711633419029e+00
6.800000000000000000e+01 4.015509999999999735e+01 1.301111042864241396e+00 1.125419711633419029e+00
6.900000000000000000e+01 4.073854999999999649e+01 1.315605901691710544e+00 1.129764961485285379e+00
7.000000000000000000e+01 4.132096700000000311e+01 1.311795397566963395e+00 1.125419711633419029e+00
7.100000000000000000e+01 4.190261699999999934e+01 1.313588575978609008e+00 1.125419711633419029e+00
7.200000000000000000e+01 4.248688299999999884e+01 1.294749528975308150e+00 1.121074461781552456e+00
7.300000000000000000e+01 4.307589999999999719e+01 1.296265191680389561e+00 1.121074461781552456e+00
7.400000000000000000e+01 4.366493299999999778e+01 1.253506425507458166e+00 1.108038712225952960e+00
7.500000000000000000e+01 4.425316699999999770e+01 1.241263713375567956e+00 1.103693462374086609e+00
7.600000000000000000e+01 4.484211700000000178e+01 1.241359776504763257e+00 1.103693462374086609e+00
7.700000000000000000e+01 4.543161700000000280e+01 1.267104695129104508e+00 1.112383962077819533e+00
7.800000000000000000e+01 4.602191700000000196e+01 1.302466600353997306e+00 1.125419711633419029e+00
7.900000000000000000e+01 4.660936699999999888e+01 1.301260474398545197e+00 1.125419711633419029e+00
8.000000000000000000e+01 4.719783300000000281e+01 1.300139737891266689e+00 1.125419711633419029e+00
8.100000000000000000e+01 4.778735000000000355e+01 1.307301777856827663e+00 1.125419711633419029e+00
8.200000000000000000e+01 4.837251700000000199e+01 1.301900895259847202e+00 1.125419711633419029e+00
8.300000000000000000e+01 4.895441699999999940e+01 1.298357233160642776e+00 1.121074461781552456e+00
8.400000000000000000e+01 4.954440000000000310e+01 1.285975763175470465e+00 1.116729211929686105e+00
8.500000000000000000e+01 5.013049999999999784e+01 1.285634205382776063e+00 1.116729211929686105e+00
8.600000000000000000e+01 5.071448300000000131e+01 1.294173150200136346e+00 1.121074461781552456e+00
8.700000000000000000e+01 5.129590000000000316e+01 1.294632118484069450e+00 1.121074461781552456e+00
8.800000000000000000e+01 5.188221699999999714e+01 1.302989610724060610e+00 1.125419711633419029e+00
8.900000000000000000e+01 5.246983300000000128e+01 1.307163020003545562e+00 1.125419711633419029e+00
9.000000000000000000e+01 5.305798300000000012e+01 1.309500556147297878e+00 1.125419711633419029e+00
9.100000000000000000e+01 5.364613299999999896e+01 1.306949546383111560e+00 1.125419711633419029e+00
9.200000000000000000e+01 5.423063299999999742e+01 1.307878156631999467e+00 1.125419711633419029e+00
9.300000000000000000e+01 5.482085000000000008e+01 1.316758659242054152e+00 1.129764961485285379e+00
9.400000000000000000e+01 5.541056700000000035e+01 1.320601184409866180e+00 1.129764961485285379e+00
9.500000000000000000e+01 5.600028300000000314e+01 1.317100217034748555e+00 1.129764961485285379e+00
9.600000000000000000e+01 5.658919999999999817e+01 1.314175628434802512e+00 1.129764961485285379e+00
9.700000000000000000e+01 5.717994999999999806e+01 1.326162172222171920e+00 1.129764961485285379e+00
9.800000000000000000e+01 5.776261699999999877e+01 1.316598554026728651e+00 1.129764961485285379e+00
9.900000000000000000e+01 5.834843299999999999e+01 1.314196975796845912e+00 1.125419711633419029e+00
1.000000000000000000e+02 5.893945000000000078e+01 1.317569858999703358e+00 1.129764961485285379e+00
1.010000000000000000e+02 5.953045000000000186e+01 1.320174237168998177e+00 1.134110211337151952e+00
1.020000000000000000e+02 6.011990000000000123e+01 1.298528012056989978e+00 1.125419711633419029e+00
1.030000000000000000e+02 6.070960000000000178e+01 1.310567924249467886e+00 1.134110211337151952e+00
1.040000000000000000e+02 6.129828299999999786e+01 1.328510382046946159e+00 1.138455461189018525e+00
1.050000000000000000e+02 6.188798299999999841e+01 1.264009327632811264e+00 1.116729211929686105e+00
1.060000000000000000e+02 6.247796699999999959e+01 1.223011718828460603e+00 1.099348212522220036e+00
1.070000000000000000e+02 6.306714999999999804e+01 1.321946068218600390e+00 1.134110211337151952e+00
1.080000000000000000e+02 6.365294999999999703e+01 1.336739790114676918e+00 1.142800711040884876e+00
1.090000000000000000e+02 6.424108300000000327e+01 1.325350972464522714e+00 1.138455461189018525e+00
1.100000000000000000e+02 6.482948299999999620e+01 1.297289865058472769e+00 1.125419711633419029e+00
1.110000000000000000e+02 6.541113300000000663e+01 1.193819201234110228e+00 1.090657712818487113e+00
1.120000000000000000e+02 6.599328300000000525e+01 1.196508968851578869e+00 1.086312462966620540e+00
1.130000000000000000e+02 6.658143300000000409e+01 1.280105238613535423e+00 1.116729211929686105e+00
1.140000000000000000e+02 6.717113299999999754e+01 1.263464969900704560e+00 1.112383962077819533e+00
1.150000000000000000e+02 6.776005000000000678e+01 1.248745963771779932e+00 1.108038712225952960e+00
1.160000000000000000e+02 6.834820000000000562e+01 1.212626227194346207e+00 1.095002962670353686e+00
1.170000000000000000e+02 6.893789999999999907e+01 1.272377493553824346e+00 1.116729211929686105e+00
1.180000000000000000e+02 6.952656700000000001e+01 1.260358928723389838e+00 1.112383962077819533e+00
1.190000000000000000e+02 7.011419999999999675e+01 1.297257844015407668e+00 1.125419711633419029e+00
1.200000000000000000e+02 7.073748299999999745e+01 1.288281278276157682e+00 1.121074461781552456e+00
1.210000000000000000e+02 7.131676699999999869e+01 1.294279887010353347e+00 1.121074461781552456e+00
1.220000000000000000e+02 7.189606700000000217e+01 1.263102064745966757e+00 1.112383962077819533e+00
1.230000000000000000e+02 7.248005000000000564e+01 1.274917829636988964e+00 1.116729211929686105e+00
1.240000000000000000e+02 7.306923299999999699e+01 1.242288386753651164e+00 1.103693462374086609e+00
1.250000000000000000e+02 7.365866699999999412e+01 1.176068869695022778e+00 1.081967213114754189e+00
1.260000000000000000e+02 7.424083299999999497e+01 1.144357363379551185e+00 1.068931463559154693e+00
1.270000000000000000e+02 7.482351699999999539e+01 1.028419840121842954e+00 1.025478965040489854e+00
1.280000000000000000e+02 7.540541699999999992e+01 8.533501240039150781e-01 9.516097175587596713e-01
1.290000000000000000e+02 7.598781700000000683e+01 6.867873316602822742e-01 8.820857199288959505e-01
1.300000000000000000e+02 7.657701699999999789e+01 4.577408106156161671e-01 7.734544736322338521e-01
1.320000000000000000e+02 7.775435000000000230e+01 4.188352432915186663e-01 7.560734742247680051e-01
1.340000000000000000e+02 7.893141699999999616e+01 5.543269501809818811e-01 8.212522220027651532e-01
1.350000000000000000e+02 7.951981700000000330e+01 6.991688016454545851e-01 8.907762196326288739e-01
1.360000000000000000e+02 8.010301699999999414e+01 8.100790211419421905e-01 9.342287181512937133e-01
1.370000000000000000e+02 8.069193300000000590e+01 8.080510217478190649e-01 9.342287181512937133e-01
1.380000000000000000e+02 8.128086700000000064e+01 5.034561864315584279e-01 7.951807228915662717e-01
1.390000000000000000e+02 8.186926699999999357e+01 6.451813230376945985e-01 8.603594706695635308e-01
1.400000000000000000e+02 8.245741700000000662e+01 7.565505108181153071e-01 9.081572190400948319e-01
1.410000000000000000e+02 8.304633300000000418e+01 8.541293027184991837e-01 9.516097175587596713e-01
1.420000000000000000e+02 8.363500000000000512e+01 8.802478001785997153e-01 9.646454671143591675e-01
1.430000000000000000e+02 8.422575000000000500e+01 8.757648541494855721e-01 9.646454671143591675e-01
1.440000000000000000e+02 8.481493299999999635e+01 1.026306451279546339e+00 1.025478965040489854e+00
1.450000000000000000e+02 8.546478299999999706e+01 1.220791593175946987e+00 1.095002962670353686e+00
1.460000000000000000e+02 8.604381700000000421e+01 1.244711312345577303e+00 1.103693462374086609e+00
1.470000000000000000e+02 8.667621699999999407e+01 1.223342602940133306e+00 1.095002962670353686e+00
1.480000000000000000e+02 8.730679999999999552e+01 1.228465969830549342e+00 1.099348212522220036e+00
1.490000000000000000e+02 8.794285000000000707e+01 1.231347863706408585e+00 1.099348212522220036e+00
1.500000000000000000e+02 8.852188300000000254e+01 1.254317625265107372e+00 1.108038712225952960e+00
1.510000000000000000e+02 8.915898300000000631e+01 1.268246778998426416e+00 1.112383962077819533e+00
1.520000000000000000e+02 8.973905000000000598e+01 1.261052717989800342e+00 1.108038712225952960e+00
1.530000000000000000e+02 9.032928300000000377e+01 1.286915047105380072e+00 1.116729211929686105e+00
1.540000000000000000e+02 9.091508299999999565e+01 1.313225670823871205e+00 1.125419711633419029e+00
1.550000000000000000e+02 9.150374999999999659e+01 1.313150955056719305e+00 1.129764961485285379e+00
1.560000000000000000e+02 9.208928299999999467e+01 8.553461023549729925e-01 9.298834682994272516e-01
1.570000000000000000e+02 9.267691700000000310e+01 1.298666769910272079e+00 1.121074461781552456e+00
1.580000000000000000e+02 9.326609999999999445e+01 1.314079565305607211e+00 1.129764961485285379e+00
1.590000000000000000e+02 9.385554999999999382e+01 1.227185128107945333e+00 1.095002962670353686e+00
1.600000000000000000e+02 9.444370000000000687e+01 1.193498990803459225e+00 1.081967213114754189e+00
1.610000000000000000e+02 9.503366699999999412e+01 1.170870787037454841e+00 1.073276713411021266e+00
1.620000000000000000e+02 9.562284999999999968e+01 8.250008272102791196e-01 9.385739680031601750e-01
1.630000000000000000e+02 9.621386699999999337e+01 5.187302239736115705e-01 7.908354730396998100e-01
1.640000000000000000e+02 9.680356700000000103e+01 4.555633796871892960e-01 7.604187240766344669e-01
1.670000000000000000e+02 9.857216699999999321e+01 2.797251585356990145e-01 6.778589768911712499e-01
1.680000000000000000e+02 9.915353299999999592e+01 2.226316387506242778e-01 6.561327276318388302e-01
1.730000000000000000e+02 1.020757669999999990e+02 4.600783467593685394e-01 7.691092237803673903e-01
1.740000000000000000e+02 1.026659999999999968e+02 6.694105789569542164e-01 8.690499703732964543e-01
1.750000000000000000e+02 1.032544000000000040e+02 7.788585041534689113e-01 9.168477187438278664e-01
1.760000000000000000e+02 1.038417670000000044e+02 1.027608640364193748e+00 1.021133715188623281e+00
1.770000000000000000e+02 1.044306830000000019e+02 1.130278778111928562e+00 1.060240963855421770e+00
1.780000000000000000e+02 1.050188330000000008e+02 1.207470839260865070e+00 1.086312462966620540e+00
1.790000000000000000e+02 1.056077499999999958e+02 1.226875591358316031e+00 1.095002962670353686e+00
1.800000000000000000e+02 1.061964169999999967e+02 1.302680073974431307e+00 1.121074461781552456e+00
1.810000000000000000e+02 1.067869170000000025e+02 1.305028283799205546e+00 1.121074461781552456e+00
1.820000000000000000e+02 1.073773999999999944e+02 1.322084826071882491e+00 1.129764961485285379e+00
1.830000000000000000e+02 1.079671330000000040e+02 1.308924177372126074e+00 1.121074461781552456e+00
1.840000000000000000e+02 1.085578670000000017e+02 1.324497077982786708e+00 1.129764961485285379e+00
1.850000000000000000e+02 1.091478330000000057e+02 1.318498469248591265e+00 1.125419711633419029e+00
1.860000000000000000e+02 1.097393670000000014e+02 1.312446492109287099e+00 1.125419711633419029e+00
1.870000000000000000e+02 1.103303829999999977e+02 1.306202388711592555e+00 1.121074461781552456e+00
1.880000000000000000e+02 1.109201000000000050e+02 1.303843505205796838e+00 1.121074461781552456e+00
1.890000000000000000e+02 1.115105829999999969e+02 1.289540772636718291e+00 1.116729211929686105e+00
1.900000000000000000e+02 1.121000329999999963e+02 1.273765072086645356e+00 1.112383962077819533e+00
1.910000000000000000e+02 1.126897330000000039e+02 1.221677508700748094e+00 1.090657712818487113e+00
1.920000000000000000e+02 1.132784170000000046e+02 1.177285669331496587e+00 1.077621963262887617e+00
1.930000000000000000e+02 1.138647500000000008e+02 1.146438731178782922e+00 1.064586213707288120e+00
1.940000000000000000e+02 1.144474170000000015e+02 1.158265169750826828e+00 1.068931463559154693e+00
1.950000000000000000e+02 1.150298499999999962e+02 1.213437426951995413e+00 1.090657712818487113e+00
1.960000000000000000e+02 1.156122670000000028e+02 1.249183584693669635e+00 1.103693462374086609e+00
1.970000000000000000e+02 1.161962500000000063e+02 1.283435427092305847e+00 1.116729211929686105e+00
1.980000000000000000e+02 1.167862169999999935e+02 1.305487252083138650e+00 1.121074461781552456e+00
1.990000000000000000e+02 1.173751500000000050e+02 1.316235648871990849e+00 1.125419711633419029e+00
2.000000000000000000e+02 1.179570329999999956e+02 1.329076087141096263e+00 1.129764961485285379e+00
2.010000000000000000e+02 1.185454330000000027e+02 1.348310060342200023e+00 1.138455461189018525e+00
2.020000000000000000e+02 1.191348830000000021e+02 1.339194736749667936e+00 1.134110211337151952e+00
2.030000000000000000e+02 1.197251169999999973e+02 1.350519512313691939e+00 1.138455461189018525e+00
2.040000000000000000e+02 1.203156000000000034e+02 1.354212605947200387e+00 1.138455461189018525e+00
2.050000000000000000e+02 1.208964670000000012e+02 1.334594380229315203e+00 1.134110211337151952e+00
2.060000000000000000e+02 1.214861669999999947e+02 1.329129455546204763e+00 1.129764961485285379e+00
2.070000000000000000e+02 1.220748499999999979e+02 1.339248105154776436e+00 1.134110211337151952e+00
2.080000000000000000e+02 1.226559500000000043e+02 1.334530338143185002e+00 1.134110211337151952e+00
2.090000000000000000e+02 1.232381170000000026e+02 1.330239518372461571e+00 1.129764961485285379e+00
2.100000000000000000e+02 1.238265169999999955e+02 1.334092717221295299e+00 1.134110211337151952e+00
2.110000000000000000e+02 1.244146669999999943e+02 1.295603423457044157e+00 1.116729211929686105e+00
2.120000000000000000e+02 1.249970830000000035e+02 1.313033544565480604e+00 1.125419711633419029e+00
2.130000000000000000e+02 1.255849500000000063e+02 1.309351124612994077e+00 1.121074461781552456e+00
2.140000000000000000e+02 1.261757000000000062e+02 1.292806919029358736e+00 1.116729211929686105e+00
2.150000000000000000e+02 1.267640999999999991e+02 1.283979784824412551e+00 1.112383962077819533e+00
2.160000000000000000e+02 1.273506830000000036e+02 1.275846439885876871e+00 1.112383962077819533e+00
2.170000000000000000e+02 1.279393670000000043e+02 1.279187302045669217e+00 1.112383962077819533e+00
2.180000000000000000e+02 1.285306329999999946e+02 1.284716268814909856e+00 1.112383962077819533e+00
2.190000000000000000e+02 1.291185330000000135e+02 1.297588728127080371e+00 1.116729211929686105e+00
2.200000000000000000e+02 1.297072000000000003e+02 1.284865700349213657e+00 1.112383962077819533e+00
2.210000000000000000e+02 1.302968999999999937e+02 1.260871265412431441e+00 1.103693462374086609e+00
2.220000000000000000e+02 1.308865999999999872e+02 1.227825548969247338e+00 1.090657712818487113e+00
2.230000000000000000e+02 1.314713669999999865e+02 1.241829418469718060e+00 1.095002962670353686e+00
2.240000000000000000e+02 1.320600169999999878e+02 1.268054652740035815e+00 1.108038712225952960e+00
2.250000000000000000e+02 1.326494830000000036e+02 1.276326755531853374e+00 1.108038712225952960e+00
2.260000000000000000e+02 1.332381330000000048e+02 1.072715616361898938e+00 1.025478965040489854e+00
2.270000000000000000e+02 1.338270669999999996e+02 7.884968381160641915e-01 8.951214694844954467e-01
2.280000000000000000e+02 1.344165000000000134e+02 9.712302572075728335e-01 9.820264665218250144e-01
2.290000000000000000e+02 1.350051670000000001e+02 1.275141976938444666e+00 1.108038712225952960e+00
2.300000000000000000e+02 1.355925330000000031e+02 1.277479513082196982e+00 1.112383962077819533e+00
2.310000000000000000e+02 1.361759830000000022e+02 1.280927112052206329e+00 1.112383962077819533e+00
2.320000000000000000e+02 1.367604829999999936e+02 1.211110564489264796e+00 1.086312462966620540e+00
2.330000000000000000e+02 1.373494169999999883e+02 1.215294647449771226e+00 1.086312462966620540e+00
2.340000000000000000e+02 1.379378169999999955e+02 1.149843635424705246e+00 1.060240963855421770e+00
2.350000000000000000e+02 1.385277829999999994e+02 1.177381732460691888e+00 1.073276713411021266e+00
2.360000000000000000e+02 1.391138500000000136e+02 1.201621662060973206e+00 1.081967213114754189e+00
2.370000000000000000e+02 1.397035669999999925e+02 1.214675573950512621e+00 1.086312462966620540e+00
2.380000000000000000e+02 1.402943170000000066e+02 1.271726399011500641e+00 1.108038712225952960e+00
2.390000000000000000e+02 1.408845499999999902e+02 1.244401775595948001e+00 1.099348212522220036e+00
2.400000000000000000e+02 1.414742500000000121e+02 1.265631727148109675e+00 1.108038712225952960e+00
2.410000000000000000e+02 1.420639669999999910e+02 1.237367819802647428e+00 1.095002962670353686e+00
2.420000000000000000e+02 1.426547170000000051e+02 1.215198584320575925e+00 1.086312462966620540e+00
2.430000000000000000e+02 1.432452000000000112e+02 1.180840005111722713e+00 1.073276713411021266e+00
2.440000000000000000e+02 1.438349000000000046e+02 1.178908068846794999e+00 1.073276713411021266e+00
2.450000000000000000e+02 1.444220170000000110e+02 1.140771006556259959e+00 1.060240963855421770e+00
2.460000000000000000e+02 1.450093830000000139e+02 1.077337320244295293e+00 1.034169464744222777e+00
2.470000000000000000e+02 1.455972500000000025e+02 1.083549402598924738e+00 1.038514714596089350e+00
2.480000000000000000e+02 1.461861829999999998e+02 1.021225779113216880e+00 1.012443215484890358e+00
2.490000000000000000e+02 1.467753669999999886e+02 9.418669607168753677e-01 9.820264665218250144e-01
2.500000000000000000e+02 1.473656000000000006e+02 8.288006576540044579e-01 9.342287181512937133e-01
2.510000000000000000e+02 1.479529499999999871e+02 7.652175398077358803e-01 9.081572190400948319e-01
2.520000000000000000e+02 1.485398000000000138e+02 7.424612518694709840e-01 8.951214694844954467e-01
2.530000000000000000e+02 1.491261169999999936e+02 7.898950903299069015e-01 9.168477187438278664e-01
2.540000000000000000e+02 1.497158169999999870e+02 7.540208484159722779e-01 8.994667193363619084e-01
2.550000000000000000e+02 1.503010999999999910e+02 6.808207439691518204e-01 8.690499703732964543e-01
2.560000000000000000e+02 1.508913330000000030e+02 6.321914532342853832e-01 8.429784712620975728e-01
2.570000000000000000e+02 1.514820829999999887e+02 6.151882793667169391e-01 8.342879715583646494e-01
2.580000000000000000e+02 1.520725669999999923e+02 5.679252198026281118e-01 8.082164724471657680e-01
2.590000000000000000e+02 1.526646169999999927e+02 5.317414411390641860e-01 7.908354730396998100e-01
2.600000000000000000e+02 1.532540500000000065e+02 5.381776707951494432e-01 7.951807228915662717e-01
2.620000000000000000e+02 1.544358169999999859e+02 4.402146263779843083e-01 7.473829745210349706e-01
2.630000000000000000e+02 1.550265670000000000e+02 3.991743228495467921e-01 7.256567252617025510e-01
2.640000000000000000e+02 1.556173170000000141e+02 4.329565232832281452e-01 7.473829745210349706e-01
2.690000000000000000e+02 1.585645499999999970e+02 4.099867617245291362e-01 7.343472249654355855e-01
2.700000000000000000e+02 1.591547830000000090e+02 4.410151524546118695e-01 7.517282243729014324e-01
2.710000000000000000e+02 1.597450000000000045e+02 4.969559146893429702e-01 7.821449733359668866e-01
2.720000000000000000e+02 1.603339170000000138e+02 5.344312087565326053e-01 7.995259727434327335e-01
2.730000000000000000e+02 1.609223330000000090e+02 5.137029202123907234e-01 7.864902231878333483e-01
2.740000000000000000e+02 1.615099669999999890e+02 4.413994049713930723e-01 7.517282243729014324e-01
2.780000000000000000e+02 1.638633169999999950e+02 1.812391037484706313e-01 6.126802291131739908e-01
2.800000000000000000e+02 1.650403829999999914e+02 1.398358950652952570e-01 5.952992297057081439e-01
2.810000000000000000e+02 1.656290500000000065e+02 1.389606532215158508e-01 5.952992297057081439e-01
3.050000000000000000e+02 1.797666330000000130e+02 2.044330126086253141e-01 6.344064783725064105e-01
3.060000000000000000e+02 1.803552999999999997e+02 2.557200499178950981e-01 6.648232273355718647e-01
3.080000000000000000e+02 1.815334000000000003e+02 3.917027461343565720e-01 7.343472249654355855e-01
3.090000000000000000e+02 1.821220669999999870e+02 4.606120308104535432e-01 7.647639739285009286e-01
3.100000000000000000e+02 1.827109829999999988e+02 5.477626363526362230e-01 8.082164724471657680e-01
3.110000000000000000e+02 1.833009670000000142e+02 6.264276654825672308e-01 8.429784712620975728e-01
3.120000000000000000e+02 1.838903999999999996e+02 6.113244068368614004e-01 8.342879715583646494e-01
3.130000000000000000e+02 1.844785500000000127e+02 5.000192611425708922e-01 7.821449733359668866e-01
3.140000000000000000e+02 1.850669499999999914e+02 7.530602171240192710e-01 9.038119691882283702e-01
3.150000000000000000e+02 1.856571830000000034e+02 8.541186290374774837e-01 9.516097175587596713e-01
3.160000000000000000e+02 1.862476670000000070e+02 8.548871340710398892e-01 9.516097175587596713e-01
3.170000000000000000e+02 1.868290330000000097e+02 7.071420413686647644e-01 8.820857199288959505e-01
3.180000000000000000e+02 1.874161499999999876e+02 6.479778274653801295e-01 8.516689709658306073e-01
3.190000000000000000e+02 1.879962329999999895e+02 6.617682233454168506e-01 8.603594706695635308e-01
3.200000000000000000e+02 1.885864669999999990e+02 5.933606016773398384e-01 8.255974718546317259e-01
3.210000000000000000e+02 1.891759169999999983e+02 6.160421738484529453e-01 8.429784712620975728e-01
3.220000000000000000e+02 1.897661500000000103e+02 6.337284633014103052e-01 8.516689709658306073e-01
3.230000000000000000e+02 1.903561170000000118e+02 5.417213328943538686e-01 8.038712225952993062e-01
3.250000000000000000e+02 1.915352670000000046e+02 1.355664226566151431e-01 5.866087300019751094e-01
3.260000000000000000e+02 1.921239329999999939e+02 1.605748572904588944e-01 6.039897294094410674e-01
3.290000000000000000e+02 1.938912329999999997e+02 6.561645408090241993e-01 8.560142208176970691e-01
3.300000000000000000e+02 1.944786000000000001e+02 7.344346437411523043e-01 8.951214694844954467e-01
3.310000000000000000e+02 1.950677670000000035e+02 5.365659449608727316e-01 7.995259727434327335e-01
3.320000000000000000e+02 1.956538329999999917e+02 4.066565732457586568e-01 7.386924748173020472e-01
3.330000000000000000e+02 1.962432829999999910e+02 5.438347217366505948e-01 8.038712225952993062e-01
3.340000000000000000e+02 1.968303830000000119e+02 5.308448519332413795e-01 7.995259727434327335e-01
3.350000000000000000e+02 1.974188000000000045e+02 7.060213048613861453e-01 8.820857199288959505e-01
3.360000000000000000e+02 1.980092830000000106e+02 6.513720580302807539e-01 8.560142208176970691e-01
3.370000000000000000e+02 1.985987169999999935e+02 6.321914532342853832e-01 8.473237211139641456e-01
3.380000000000000000e+02 1.991873999999999967e+02 6.688982422679126127e-01 8.647047205214299925e-01
3.390000000000000000e+02 1.997776169999999922e+02 6.606901815622251428e-01 8.603594706695635308e-01
3.400000000000000000e+02 2.003683829999999944e+02 6.279966965927572531e-01 8.429784712620975728e-01
3.410000000000000000e+02 2.009562500000000114e+02 5.739558495798887661e-01 8.169069721508986914e-01
3.420000000000000000e+02 2.015459669999999903e+02 5.310263045106102808e-01 7.951807228915662717e-01
3.430000000000000000e+02 2.021359329999999943e+02 4.778606993415212001e-01 7.691092237803673903e-01
3.440000000000000000e+02 2.027248669999999890e+02 5.977368108962369808e-01 8.299427217064981877e-01
3.450000000000000000e+02 2.033143000000000029e+02 7.083588410051385731e-01 8.820857199288959505e-01
3.460000000000000000e+02 2.039045500000000004e+02 6.406343349224503658e-01 8.516689709658306073e-01
3.470000000000000000e+02 2.044944999999999879e+02 6.170134788214276522e-01 8.386332214102311111e-01
3.480000000000000000e+02 2.050813499999999863e+02 7.277529194215679453e-01 8.951214694844954467e-01
3.490000000000000000e+02 2.056705330000000060e+02 8.727762234634095506e-01 9.559549674106261330e-01
3.500000000000000000e+02 2.062612829999999917e+02 9.493065163890005431e-01 9.907169662255580489e-01
3.510000000000000000e+02 2.068517830000000117e+02 9.538321571422013756e-01 9.907169662255580489e-01
3.520000000000000000e+02 2.074414999999999907e+02 1.044409014292349891e+00 1.025478965040489854e+00
3.530000000000000000e+02 2.080314669999999921e+02 9.017018990322173133e-01 9.689907169662256292e-01
3.540000000000000000e+02 2.086201330000000098e+02 1.000358732715793009e+00 1.008097965633024007e+00
3.550000000000000000e+02 2.092101000000000113e+02 1.011096455823623286e+00 1.016788465336756930e+00
3.560000000000000000e+02 2.097998169999999902e+02 9.662990165755472871e-01 9.994074659292909724e-01
3.570000000000000000e+02 2.103897829999999942e+02 9.901546936590474024e-01 1.003752715781157434e+00
3.580000000000000000e+02 2.109792329999999936e+02 9.769940449592909859e-01 9.994074659292909724e-01
3.590000000000000000e+02 2.115702499999999873e+02 9.747739193067773700e-01 9.994074659292909724e-01
3.600000000000000000e+02 2.121586499999999944e+02 9.716785518104842367e-01 9.994074659292909724e-01
3.610000000000000000e+02 2.127488669999999900e+02 1.010850961160124184e+00 1.012443215484890358e+00
3.620000000000000000e+02 2.133393829999999980e+02 1.035432448553099904e+00 1.021133715188623281e+00
3.630000000000000000e+02 2.139288329999999974e+02 1.020980284449717779e+00 1.016788465336756930e+00
3.640000000000000000e+02 2.145177669999999921e+02 1.110511120859739798e+00 1.051550464151688846e+00
3.650000000000000000e+02 2.151061829999999873e+02 1.055637726727178594e+00 1.034169464744222777e+00
3.660000000000000000e+02 2.156891329999999982e+02 1.025089651643072530e+00 1.021133715188623281e+00
3.670000000000000000e+02 2.162715499999999906e+02 9.915956405969770238e-01 1.008097965633024007e+00
3.680000000000000000e+02 2.168545000000000016e+02 7.620261091822475574e-01 9.081572190400948319e-01
3.690000000000000000e+02 2.174361330000000123e+02 4.878832858208977385e-01 7.864902231878333483e-01
3.700000000000000000e+02 2.180180330000000026e+02 4.842435605924979569e-01 7.908354730396998100e-01
3.710000000000000000e+02 2.186056499999999971e+02 7.503384284634857515e-01 9.125024688919612936e-01
3.720000000000000000e+02 2.191878169999999955e+02 4.001883225466082994e-01 7.604187240766344669e-01
3.750000000000000000e+02 2.209569669999999917e+02 4.206497690652077348e-01 7.691092237803673903e-01
3.760000000000000000e+02 2.215469329999999957e+02 2.938357648463867933e-01 7.082757258542367040e-01
