0.000000000000000000e+00 0.000000000000000000e+00 5.243383768152732882e-01 8.698496971509758202e-01
1.000000000000000000e+00 5.808999999999999719e-01 5.619484902543440130e-01 8.821879907275854693e-01
2.000000000000000000e+00 1.171483000000000052e+00 5.438562372009523305e-01 8.821879907275854693e-01
3.000000000000000000e+00 1.762350000000000083e+00 4.965519939023279039e-01 8.636805503626711067e-01
4.000000000000000000e+00 2.350067000000000128e+00 4.130632444969200567e-01 8.390039632094519195e-01
6.000000000000000000e+00 3.528350000000000097e+00 4.690507324558399471e-01 8.575114035743662821e-01
7.000000000000000000e+00 4.118916999999999717e+00 5.839287633048829695e-01 8.945262843041950074e-01
8.000000000000000000e+00 4.709850000000000314e+00 5.377131656054597864e-01 8.821879907275854693e-01
9.000000000000000000e+00 5.297517000000000031e+00 5.829178781056246761e-01 8.883571375158902939e-01
1.000000000000000000e+01 5.883666999999999980e+00 6.394756089974594770e-01 9.068645778808046565e-01
1.100000000000000000e+01 6.472682999999999964e+00 5.959557051627250024e-01 8.883571375158902939e-01
1.200000000000000000e+01 7.063049999999999606e+00 6.408752961964324646e-01 9.068645778808046565e-01
1.300000000000000000e+01 7.651283000000000278e+00 6.431044276614635846e-01 9.006954310924998319e-01
1.400000000000000000e+01 8.240816999999999837e+00 6.282003510057325713e-01 8.945262843041950074e-01
1.500000000000000000e+01 8.826933000000000362e+00 6.571531399178222044e-01 9.068645778808046565e-01
1.600000000000000000e+01 9.414633000000000251e+00 7.210721886709223760e-01 9.253720182457190191e-01
1.700000000000000000e+01 1.000021699999999925e+01 8.071788715410760373e-01 9.500486053989382063e-01
1.800000000000000000e+01 1.058846699999999963e+01 8.451259467132328229e-01 9.623868989755477443e-01
1.900000000000000000e+01 1.117828300000000041e+01 8.918599470789423389e-01 9.808943393404621069e-01
2.000000000000000000e+01 1.176863299999999946e+01 9.127515745302801076e-01 9.870634861287669315e-01
2.100000000000000000e+01 1.235763299999999987e+01 9.144363831957105226e-01 9.932326329170717560e-01
2.200000000000000000e+01 1.294718300000000077e+01 9.464218277055749251e-01 9.994017797053764696e-01
2.300000000000000000e+01 1.353674999999999962e+01 9.616110258277633660e-01 1.005570926493681405e+00
2.400000000000000000e+01 1.412711700000000015e+01 9.478733551711765459e-01 9.994017797053764696e-01
2.500000000000000000e+01 1.471668299999999974e+01 1.007126779927700166e+00 1.017909220070290832e+00
2.600000000000000000e+01 1.530564999999999998e+01 1.045695938299400440e+00 1.030247513646900481e+00
2.700000000000000000e+01 1.589333300000000015e+01 1.080765878673668245e+00 1.036416660435205195e+00
2.800000000000000000e+01 1.648101700000000136e+01 1.174985563271202516e+00 1.061093247588424493e+00
2.900000000000000000e+01 1.706973299999999938e+01 1.173559955938915156e+00 1.061093247588424493e+00
3.000000000000000000e+01 1.765739999999999910e+01 1.183383686465040441e+00 1.061093247588424493e+00
3.100000000000000000e+01 1.824638300000000157e+01 1.177422055802748169e+00 1.061093247588424493e+00
3.200000000000000000e+01 1.896318300000000079e+01 1.149350551423345301e+00 1.054924100800119557e+00
3.300000000000000000e+01 1.954230000000000089e+01 1.176722212203261675e+00 1.061093247588424493e+00
3.400000000000000000e+01 2.012141700000000100e+01 1.209174219112783666e+00 1.067262394376729207e+00
3.500000000000000000e+01 2.070203300000000013e+01 1.187427227262073615e+00 1.061093247588424493e+00
3.600000000000000000e+01 2.128136699999999948e+01 1.171227143940626769e+00 1.054924100800119557e+00
3.700000000000000000e+01 2.186673299999999998e+01 1.158267077283469559e+00 1.054924100800119557e+00
3.800000000000000000e+01 2.245550000000000068e+01 1.111688597717645832e+00 1.042585807223510130e+00
3.900000000000000000e+01 2.304448299999999961e+01 1.191133806326020617e+00 1.061093247588424493e+00
4.000000000000000000e+01 2.362956700000000154e+01 1.193000055924651193e+00 1.061093247588424493e+00
4.100000000000000000e+01 2.421930000000000049e+01 1.203005227383976861e+00 1.067262394376729207e+00
4.200000000000000000e+01 2.480941699999999983e+01 1.227499753366004143e+00 1.073431541165034142e+00
4.300000000000000000e+01 2.539971699999999899e+01 1.246188169485625163e+00 1.073431541165034142e+00
4.400000000000000000e+01 2.603426699999999983e+01 1.242844472288078483e+00 1.073431541165034142e+00
4.500000000000000000e+01 2.661366699999999952e+01 1.246551051352025485e+00 1.079600687953338856e+00
4.600000000000000000e+01 2.719290000000000163e+01 1.256504382544722409e+00 1.079600687953338856e+00
4.700000000000000000e+01 2.778121700000000160e+01 1.252564522280946502e+00 1.079600687953338856e+00
4.800000000000000000e+01 2.836285000000000167e+01 1.246913933218426029e+00 1.073431541165034142e+00
4.900000000000000000e+01 2.895221700000000098e+01 1.250102109616086699e+00 1.073431541165034142e+00
5.000000000000000000e+01 2.954179999999999851e+01 1.244088638687165682e+00 1.073431541165034142e+00
5.100000000000000000e+01 3.012986700000000084e+01 1.223067410569256497e+00 1.067262394376729207e+00
5.200000000000000000e+01 3.071865000000000023e+01 1.220475397237824833e+00 1.067262394376729207e+00
5.300000000000000000e+01 3.130901700000000076e+01 1.204923317249235959e+00 1.061093247588424493e+00
5.400000000000000000e+01 3.189778300000000044e+01 1.177784937669148491e+00 1.054924100800119557e+00
5.500000000000000000e+01 3.248788299999999651e+01 1.160936851014843896e+00 1.054924100800119557e+00
5.600000000000000000e+01 3.307771699999999981e+01 1.163710305279475499e+00 1.054924100800119557e+00
5.700000000000000000e+01 3.366723300000000307e+01 1.203238508583805544e+00 1.061093247588424493e+00
5.800000000000000000e+01 3.434628299999999967e+01 1.220319876437939044e+00 1.067262394376729207e+00
5.900000000000000000e+01 3.492546699999999760e+01 1.258811274409696424e+00 1.073431541165034142e+00
6.000000000000000000e+01 3.550450000000000017e+01 1.260547923341755583e+00 1.073431541165034142e+00
6.100000000000000000e+01 3.608514999999999873e+01 1.269982851868166174e+00 1.079600687953338856e+00
6.200000000000000000e+01 3.666434999999999889e+01 1.296784269715167692e+00 1.091938981529948505e+00
6.300000000000000000e+01 3.724363300000000265e+01 1.288308386121386651e+00 1.085769834741643569e+00
6.400000000000000000e+01 3.782483299999999815e+01 1.302408938644373793e+00 1.085769834741643569e+00
6.500000000000000000e+01 3.840780000000000172e+01 1.299972446112828361e+00 1.085769834741643569e+00
6.600000000000000000e+01 3.899025000000000318e+01 1.314565481168787464e+00 1.091938981529948505e+00
6.700000000000000000e+01 3.957058299999999917e+01 1.319153344765421121e+00 1.091938981529948505e+00
6.800000000000000000e+01 4.015509999999999735e+01 1.314513640902158942e+00 1.091938981529948505e+00
6.900000000000000000e+01 4.073854999999999649e+01 1.309536975305810369e+00 1.091938981529948505e+00
7.000000000000000000e+01 4.132096700000000311e+01 1.304663990242719285e+00 1.085769834741643569e+00
7.100000000000000000e+01 4.190261699999999934e+01 1.313139873836500104e+00 1.091938981529948505e+00
7.200000000000000000e+01 4.248688299999999884e+01 1.306919041841064555e+00 1.091938981529948505e+00
7.300000000000000000e+01 4.307589999999999719e+01 1.308733451173066609e+00 1.091938981529948505e+00
7.400000000000000000e+01 4.366493299999999778e+01 1.264410023205588374e+00 1.079600687953338856e+00
7.500000000000000000e+01 4.425316699999999770e+01 1.238463969757959360e+00 1.073431541165034142e+00
7.600000000000000000e+01 4.484211700000000178e+01 1.244581121220137643e+00 1.073431541165034142e+00
7.700000000000000000e+01 4.543161700000000280e+01 1.270293893467937973e+00 1.079600687953338856e+00
7.800000000000000000e+01 4.602191700000000196e+01 1.310133138372039596e+00 1.091938981529948505e+00
7.900000000000000000e+01 4.660936699999999888e+01 1.306996802241007671e+00 1.091938981529948505e+00
8.000000000000000000e+01 4.719783300000000281e+01 1.309873937038896541e+00 1.091938981529948505e+00
8.100000000000000000e+01 4.778735000000000355e+01 1.304171507709747324e+00 1.091938981529948505e+00
8.200000000000000000e+01 4.837251700000000199e+01 1.303264303043746297e+00 1.091938981529948505e+00
8.300000000000000000e+01 4.895441699999999940e+01 1.321201035297252080e+00 1.091938981529948505e+00
8.400000000000000000e+01 4.954440000000000310e+01 1.286493976789384597e+00 1.079600687953338856e+00
8.500000000000000000e+01 5.013049999999999784e+01 1.285768213056583731e+00 1.079600687953338856e+00
8.600000000000000000e+01 5.071448300000000131e+01 1.294736579183336733e+00 1.085769834741643569e+00
8.700000000000000000e+01 5.129590000000000316e+01 1.297717394514482869e+00 1.085769834741643569e+00
8.800000000000000000e+01 5.188221699999999714e+01 1.291859444385447864e+00 1.085769834741643569e+00
8.900000000000000000e+01 5.246983300000000128e+01 1.301657254778258777e+00 1.085769834741643569e+00
9.000000000000000000e+01 5.305798300000000012e+01 1.296784269715167692e+00 1.085769834741643569e+00
9.100000000000000000e+01 5.364613299999999896e+01 1.306633920374607127e+00 1.085769834741643569e+00
9.200000000000000000e+01 5.423063299999999742e+01 1.309070412906152781e+00 1.085769834741643569e+00
9.300000000000000000e+01 5.482085000000000008e+01 1.307904006907008698e+00 1.091938981529948505e+00
9.400000000000000000e+01 5.541056700000000035e+01 1.310547860505068662e+00 1.085769834741643569e+00
9.500000000000000000e+01 5.600028300000000314e+01 1.310184978638668341e+00 1.085769834741643569e+00
9.600000000000000000e+01 5.658919999999999817e+01 1.322989524495939762e+00 1.091938981529948505e+00
9.700000000000000000e+01 5.717994999999999806e+01 1.315161644235016691e+00 1.085769834741643569e+00
9.800000000000000000e+01 5.776261699999999877e+01 1.322574802362910695e+00 1.091938981529948505e+00
9.900000000000000000e+01 5.834843299999999999e+01 1.316224369700903729e+00 1.091938981529948505e+00
1.000000000000000000e+02 5.893945000000000078e+01 1.328562353158517562e+00 1.098108128318253218e+00
1.010000000000000000e+02 5.953045000000000186e+01 1.324829853961256187e+00 1.104277275106557932e+00
1.020000000000000000e+02 6.011990000000000123e+01 1.307981767306951593e+00 1.098108128318253218e+00
1.030000000000000000e+02 6.070960000000000178e+01 1.316094769034332090e+00 1.104277275106557932e+00
1.040000000000000000e+02 6.129828299999999786e+01 1.322497041962967801e+00 1.104277275106557932e+00
1.050000000000000000e+02 6.188798299999999841e+01 1.258189191210152824e+00 1.085769834741643569e+00
1.060000000000000000e+02 6.247796699999999959e+01 1.218453626839308468e+00 1.073431541165034142e+00
1.070000000000000000e+02 6.306714999999999804e+01 1.325892579427143003e+00 1.104277275106557932e+00
1.080000000000000000e+02 6.365294999999999703e+01 1.333279817421722857e+00 1.104277275106557932e+00
1.090000000000000000e+02 6.424108300000000327e+01 1.325814819027200109e+00 1.104277275106557932e+00
1.100000000000000000e+02 6.482948299999999620e+01 1.294892099983222522e+00 1.091938981529948505e+00
1.110000000000000000e+02 6.541113300000000663e+01 1.191444847925792416e+00 1.067262394376729207e+00
1.120000000000000000e+02 6.599328300000000525e+01 1.179651187267779067e+00 1.061093247588424493e+00
1.130000000000000000e+02 6.658143300000000409e+01 1.279832502527605831e+00 1.085769834741643569e+00
1.140000000000000000e+02 6.717113299999999754e+01 1.252849643747404151e+00 1.079600687953338856e+00
1.150000000000000000e+02 6.776005000000000678e+01 1.249635547216429110e+00 1.079600687953338856e+00
1.160000000000000000e+02 6.834820000000000562e+01 1.203212588450491394e+00 1.067262394376729207e+00
1.170000000000000000e+02 6.893789999999999907e+01 1.272367504133083083e+00 1.085769834741643569e+00
1.180000000000000000e+02 6.952656700000000001e+01 1.273456149732284270e+00 1.085769834741643569e+00
1.190000000000000000e+02 7.011419999999999675e+01 1.289397031720587838e+00 1.091938981529948505e+00
1.200000000000000000e+02 7.073748299999999745e+01 1.283616841991495727e+00 1.085769834741643569e+00
1.210000000000000000e+02 7.131676699999999869e+01 1.299972446112828361e+00 1.091938981529948505e+00
1.220000000000000000e+02 7.189606700000000217e+01 1.265446828538161039e+00 1.085769834741643569e+00
1.230000000000000000e+02 7.248005000000000564e+01 1.272393424266397455e+00 1.085769834741643569e+00
1.240000000000000000e+02 7.306923299999999699e+01 1.238852771757674054e+00 1.079600687953338856e+00
1.250000000000000000e+02 7.365866699999999412e+01 1.169049852742224394e+00 1.054924100800119557e+00
1.260000000000000000e+02 7.424083299999999497e+01 1.132994947302012667e+00 1.048754954011814844e+00
1.270000000000000000e+02 7.482351699999999539e+01 1.018142836586283906e+00 1.017909220070290832e+00
1.280000000000000000e+02 7.540541699999999992e+01 8.430782561814019749e-01 9.623868989755477443e-01
1.290000000000000000e+02 7.598781700000000683e+01 6.746492299049846597e-01 9.130337246691093700e-01
1.300000000000000000e+02 7.657701699999999789e+01 4.578273147307416746e-01 8.513422567860614576e-01
1.320000000000000000e+02 7.775435000000000230e+01 4.234572179559603078e-01 8.513422567860614576e-01
1.340000000000000000e+02 7.893141699999999616e+01 5.646182639857184604e-01 8.883571375158902939e-01
1.350000000000000000e+02 7.951981700000000330e+01 7.021245712181582999e-01 9.315411650340238436e-01
1.360000000000000000e+02 8.010301699999999414e+01 8.107558499384515116e-01 9.562177521872429198e-01
1.370000000000000000e+02 8.069193300000000590e+01 8.054422226090169890e-01 9.562177521872429198e-01
1.380000000000000000e+02 8.128086700000000064e+01 4.843436111112856546e-01 8.513422567860614576e-01
1.390000000000000000e+02 8.186926699999999357e+01 6.613003612481125337e-01 9.068645778808046565e-01
1.400000000000000000e+02 8.245741700000000662e+01 7.514505849152992578e-01 9.315411650340238436e-01
1.410000000000000000e+02 8.304633300000000418e+01 8.478994009778645369e-01 9.685560457638525689e-01
1.420000000000000000e+02 8.363500000000000512e+01 8.748044993581232109e-01 9.747251925521573934e-01
1.430000000000000000e+02 8.422575000000000500e+01 8.773446724229261307e-01 9.747251925521573934e-01
1.440000000000000000e+02 8.481493299999999635e+01 1.021667974717030747e+00 1.017909220070290832e+00
1.450000000000000000e+02 8.546478299999999706e+01 1.210859027778214081e+00 1.067262394376729207e+00
1.460000000000000000e+02 8.604381700000000421e+01 1.233487304161611009e+00 1.067262394376729207e+00
1.470000000000000000e+02 8.667621699999999407e+01 1.214721127642047094e+00 1.061093247588424493e+00
1.480000000000000000e+02 8.730679999999999552e+01 1.217157620173592525e+00 1.067262394376729207e+00
1.490000000000000000e+02 8.794285000000000707e+01 1.237815966425101388e+00 1.073431541165034142e+00
1.500000000000000000e+02 8.852188300000000254e+01 1.264228582272388213e+00 1.079600687953338856e+00
1.510000000000000000e+02 8.915898300000000631e+01 1.261740249474214037e+00 1.079600687953338856e+00
1.520000000000000000e+02 8.973905000000000598e+01 1.254482612146205822e+00 1.073431541165034142e+00
1.530000000000000000e+02 9.032928300000000377e+01 1.276411044930116256e+00 1.079600687953338856e+00
1.540000000000000000e+02 9.091508299999999565e+01 1.306815361307807288e+00 1.085769834741643569e+00
1.550000000000000000e+02 9.150374999999999659e+01 1.311584665837641328e+00 1.091938981529948505e+00
1.560000000000000000e+02 9.208928299999999467e+01 1.228562478831891180e+00 1.061093247588424493e+00
1.570000000000000000e+02 9.267691700000000310e+01 1.290511597453103398e+00 1.085769834741643569e+00
1.580000000000000000e+02 9.326609999999999445e+01 1.308318729040037542e+00 1.085769834741643569e+00
1.590000000000000000e+02 9.385554999999999382e+01 1.213969443775931856e+00 1.061093247588424493e+00
1.600000000000000000e+02 9.444370000000000687e+01 1.187686428595216670e+00 1.054924100800119557e+00
1.610000000000000000e+02 9.503366699999999412e+01 1.162880861013417588e+00 1.048754954011814844e+00
1.620000000000000000e+02 9.562284999999999968e+01 7.987029879472951066e-01 9.438794586106333817e-01
1.630000000000000000e+02 9.621386699999999337e+01 5.115338309580018672e-01 8.451731099977567441e-01
1.640000000000000000e+02 9.680356700000000103e+01 4.252716272879623061e-01 8.143273760562327324e-01
1.670000000000000000e+02 9.857216699999999321e+01 2.806632035274002623e-01 7.958199356913183697e-01
1.680000000000000000e+02 9.915353299999999592e+01 2.282267738325414741e-01 7.958199356913183697e-01
1.730000000000000000e+02 1.020757669999999990e+02 4.652923131252643119e-01 8.513422567860614576e-01
1.740000000000000000e+02 1.026659999999999968e+02 6.779929271025312287e-01 9.068645778808046565e-01
1.750000000000000000e+02 1.032544000000000040e+02 7.861317232898524798e-01 9.438794586106333817e-01
1.760000000000000000e+02 1.038417670000000044e+02 1.021149572050744414e+00 1.011740073281986119e+00
1.770000000000000000e+02 1.044306830000000019e+02 1.117002225047080355e+00 1.030247513646900481e+00
1.780000000000000000e+02 1.050188330000000008e+02 1.194555263923510191e+00 1.054924100800119557e+00
1.790000000000000000e+02 1.056077499999999958e+02 1.203057067650605383e+00 1.054924100800119557e+00
1.800000000000000000e+02 1.061964169999999967e+02 1.292637048384877252e+00 1.079600687953338856e+00
1.810000000000000000e+02 1.067869170000000025e+02 1.292326006785105452e+00 1.079600687953338856e+00
1.820000000000000000e+02 1.073773999999999944e+02 1.304041907043175685e+00 1.079600687953338856e+00
1.830000000000000000e+02 1.079671330000000040e+02 1.312932512769985571e+00 1.085769834741643569e+00
1.840000000000000000e+02 1.085578670000000017e+02 1.308837131706323875e+00 1.085769834741643569e+00
1.850000000000000000e+02 1.091478330000000057e+02 1.297458193181339814e+00 1.079600687953338856e+00
1.860000000000000000e+02 1.097393670000000014e+02 1.316483571034046784e+00 1.085769834741643569e+00
1.870000000000000000e+02 1.103303829999999977e+02 1.289085990120816039e+00 1.079600687953338856e+00
1.880000000000000000e+02 1.109201000000000050e+02 1.287478941855328518e+00 1.073431541165034142e+00
1.890000000000000000e+02 1.115105829999999969e+02 1.292196406118533814e+00 1.079600687953338856e+00
1.900000000000000000e+02 1.121000329999999963e+02 1.268790525735707719e+00 1.073431541165034142e+00
1.910000000000000000e+02 1.126897330000000039e+02 1.212517916310330346e+00 1.054924100800119557e+00
1.920000000000000000e+02 1.132784170000000046e+02 1.161714455014273284e+00 1.042585807223510130e+00
1.930000000000000000e+02 1.138647500000000008e+02 1.141082028896078793e+00 1.036416660435205195e+00
1.940000000000000000e+02 1.144474170000000015e+02 1.170034817808168315e+00 1.048754954011814844e+00
1.950000000000000000e+02 1.150298499999999962e+02 1.202694185784205061e+00 1.054924100800119557e+00
1.960000000000000000e+02 1.156122670000000028e+02 1.243155513887850283e+00 1.067262394376729207e+00
1.970000000000000000e+02 1.161962500000000063e+02 1.283020678925266500e+00 1.079600687953338856e+00
1.980000000000000000e+02 1.167862169999999935e+02 1.289397031720587838e+00 1.079600687953338856e+00
1.990000000000000000e+02 1.173751500000000050e+02 1.308085447840208859e+00 1.085769834741643569e+00
2.000000000000000000e+02 1.179570329999999956e+02 1.324207770761712588e+00 1.091938981529948505e+00
2.010000000000000000e+02 1.185454330000000027e+02 1.341185458082588822e+00 1.098108128318253218e+00
2.020000000000000000e+02 1.191348830000000021e+02 1.322393361429710534e+00 1.085769834741643569e+00
2.030000000000000000e+02 1.197251169999999973e+02 1.336286552886183365e+00 1.091938981529948505e+00
2.040000000000000000e+02 1.203156000000000034e+02 1.328510512891888817e+00 1.085769834741643569e+00
2.050000000000000000e+02 1.208964670000000012e+02 1.339759850750301462e+00 1.091938981529948505e+00
2.060000000000000000e+02 1.214861669999999947e+02 1.320812233297537386e+00 1.085769834741643569e+00
2.070000000000000000e+02 1.220748499999999979e+02 1.327499627692630524e+00 1.085769834741643569e+00
2.080000000000000000e+02 1.226559500000000043e+02 1.293051770517906318e+00 1.073431541165034142e+00
2.090000000000000000e+02 1.232381170000000026e+02 1.276048163063715712e+00 1.067262394376729207e+00
2.100000000000000000e+02 1.238265169999999955e+02 1.287219740522185463e+00 1.073431541165034142e+00
2.110000000000000000e+02 1.244146669999999943e+02 1.253964209479919489e+00 1.061093247588424493e+00
2.120000000000000000e+02 1.249970830000000035e+02 1.265058026538446345e+00 1.067262394376729207e+00
2.130000000000000000e+02 1.255849500000000063e+02 1.260262801875298155e+00 1.067262394376729207e+00
2.140000000000000000e+02 1.261757000000000062e+02 1.266068911737704639e+00 1.067262394376729207e+00
2.150000000000000000e+02 1.267640999999999991e+02 1.261273687074556449e+00 1.067262394376729207e+00
2.160000000000000000e+02 1.273506830000000036e+02 1.260210961608669411e+00 1.067262394376729207e+00
2.170000000000000000e+02 1.279393670000000043e+02 1.277499690529317444e+00 1.073431541165034142e+00
2.180000000000000000e+02 1.285306329999999946e+02 1.283409480924981194e+00 1.073431541165034142e+00
2.190000000000000000e+02 1.291185330000000135e+02 1.289422951853902211e+00 1.073431541165034142e+00
2.200000000000000000e+02 1.297072000000000003e+02 1.275140958397714686e+00 1.073431541165034142e+00
2.210000000000000000e+02 1.302968999999999937e+02 1.265187627205017984e+00 1.067262394376729207e+00
2.220000000000000000e+02 1.308865999999999872e+02 1.218375866439365351e+00 1.054924100800119557e+00
2.230000000000000000e+02 1.314713669999999865e+02 1.236597720159328784e+00 1.061093247588424493e+00
2.240000000000000000e+02 1.320600169999999878e+02 1.260703444141641372e+00 1.067262394376729207e+00
2.250000000000000000e+02 1.326494830000000036e+02 1.264384103072274224e+00 1.067262394376729207e+00
2.260000000000000000e+02 1.332381330000000048e+02 1.072160394413315787e+00 9.994017797053764696e-01
2.270000000000000000e+02 1.338270669999999996e+02 7.834619495584780324e-01 8.883571375158902939e-01
2.280000000000000000e+02 1.344165000000000134e+02 9.716939576870318174e-01 9.623868989755477443e-01
2.290000000000000000e+02 1.350051670000000001e+02 1.278614256261833004e+00 1.073431541165034142e+00
2.300000000000000000e+02 1.355925330000000031e+02 1.277836652262403394e+00 1.073431541165034142e+00
2.310000000000000000e+02 1.361759830000000022e+02 1.279599221327776926e+00 1.073431541165034142e+00
2.320000000000000000e+02 1.367604829999999936e+02 1.219827393904967083e+00 1.054924100800119557e+00
2.330000000000000000e+02 1.373494169999999883e+02 1.202927466984033744e+00 1.048754954011814844e+00
2.340000000000000000e+02 1.379378169999999955e+02 1.159640844349128175e+00 1.036416660435205195e+00
2.350000000000000000e+02 1.385277829999999994e+02 1.185483217263499922e+00 1.042585807223510130e+00
2.360000000000000000e+02 1.391138500000000136e+02 1.207826372180439423e+00 1.048754954011814844e+00
2.370000000000000000e+02 1.397035669999999925e+02 1.231232252563265517e+00 1.061093247588424493e+00
2.380000000000000000e+02 1.402943170000000066e+02 1.259925840142211984e+00 1.067262394376729207e+00
2.390000000000000000e+02 1.408845499999999902e+02 1.247432335884712362e+00 1.061093247588424493e+00
2.400000000000000000e+02 1.414742500000000121e+02 1.255078775212435049e+00 1.067262394376729207e+00
2.410000000000000000e+02 1.420639669999999910e+02 1.240071018023446880e+00 1.061093247588424493e+00
2.420000000000000000e+02 1.426547170000000051e+02 1.194658944456767458e+00 1.048754954011814844e+00
2.430000000000000000e+02 1.432452000000000112e+02 1.187608668195273776e+00 1.048754954011814844e+00
2.440000000000000000e+02 1.438349000000000046e+02 1.183539207264926452e+00 1.042585807223510130e+00
2.450000000000000000e+02 1.444220170000000110e+02 1.146654857558656371e+00 1.036416660435205195e+00
2.460000000000000000e+02 1.450093830000000139e+02 1.075763292944005523e+00 1.011740073281986119e+00
2.470000000000000000e+02 1.455972500000000025e+02 1.084005895337957659e+00 1.017909220070290832e+00
2.480000000000000000e+02 1.461861829999999998e+02 1.022756620316231935e+00 9.994017797053764696e-01
2.490000000000000000e+02 1.467753669999999886e+02 9.311289490501292176e-01 9.685560457638525689e-01
2.500000000000000000e+02 1.473656000000000006e+02 8.339543692547631837e-01 9.438794586106333817e-01
2.510000000000000000e+02 1.479529499999999871e+02 7.620778395741683031e-01 9.253720182457190191e-01
2.520000000000000000e+02 1.485398000000000138e+02 7.604448711753665213e-01 9.253720182457190191e-01
2.530000000000000000e+02 1.491261169999999936e+02 7.899938231536853817e-01 9.315411650340238436e-01
2.540000000000000000e+02 1.497158169999999870e+02 7.509062621156986639e-01 9.192028714574141945e-01
2.550000000000000000e+02 1.503010999999999910e+02 6.786150103020748281e-01 9.006954310924998319e-01
2.560000000000000000e+02 1.508913330000000030e+02 6.414455391293474307e-01 8.821879907275854693e-01
2.570000000000000000e+02 1.514820829999999887e+02 6.241049699420708752e-01 8.760188439392806448e-01
2.580000000000000000e+02 1.520725669999999923e+02 5.667177947841779417e-01 8.513422567860614576e-01
2.590000000000000000e+02 1.526646169999999927e+02 5.358469160068290993e-01 8.390039632094519195e-01
2.600000000000000000e+02 1.532540500000000065e+02 5.395794152040903624e-01 8.451731099977567441e-01
2.620000000000000000e+02 1.544358169999999859e+02 4.323737438160845659e-01 8.143273760562327324e-01
2.630000000000000000e+02 1.550265670000000000e+02 3.987553309074183261e-01 8.019890824796230833e-01
2.640000000000000000e+02 1.556173170000000141e+02 4.217983294238441538e-01 8.143273760562327324e-01
2.690000000000000000e+02 1.585645499999999970e+02 4.111710747649751085e-01 8.143273760562327324e-01
2.700000000000000000e+02 1.591547830000000090e+02 4.554426624658247102e-01 8.266656696328422704e-01
2.710000000000000000e+02 1.597450000000000045e+02 4.953855879031837661e-01 8.451731099977567441e-01
2.720000000000000000e+02 1.603339170000000138e+02 5.308702504104806374e-01 8.513422567860614576e-01
2.730000000000000000e+02 1.609223330000000090e+02 5.100045430924572409e-01 8.451731099977567441e-01
2.740000000000000000e+02 1.615099669999999890e+02 4.430528387415822444e-01 8.266656696328422704e-01
2.780000000000000000e+02 1.638633169999999950e+02 1.831775821322624287e-01 7.588050549614895335e-01
2.800000000000000000e+02 1.650403829999999914e+02 1.386467930982696606e-01 7.526359081731848200e-01
2.810000000000000000e+02 1.656290500000000065e+02 1.359510992335809243e-01 7.526359081731848200e-01
3.050000000000000000e+02 1.797666330000000130e+02 2.003107902530244788e-01 7.711433485380991826e-01
3.060000000000000000e+02 1.803552999999999997e+02 2.608861418085781092e-01 7.896507889030135452e-01
3.080000000000000000e+02 1.815334000000000003e+02 4.011918234389639237e-01 8.204965228445375569e-01
3.090000000000000000e+02 1.821220669999999870e+02 4.616634944612602598e-01 8.390039632094519195e-01
3.100000000000000000e+02 1.827109829999999988e+02 5.488588229306150534e-01 8.636805503626711067e-01
3.110000000000000000e+02 1.833009670000000142e+02 6.312070864701930795e-01 8.883571375158902939e-01
3.120000000000000000e+02 1.838903999999999996e+02 6.095119348861116615e-01 8.760188439392806448e-01
3.130000000000000000e+02 1.844785500000000127e+02 4.975628791015861974e-01 8.390039632094519195e-01
3.140000000000000000e+02 1.850669499999999914e+02 7.644365717057709508e-01 9.377103118223285572e-01
3.150000000000000000e+02 1.856571830000000034e+02 8.548978369727294746e-01 9.623868989755477443e-01
3.160000000000000000e+02 1.862476670000000070e+02 8.460849916458624831e-01 9.623868989755477443e-01
3.170000000000000000e+02 1.868290330000000097e+02 7.019690504182724000e-01 9.068645778808046565e-01
3.180000000000000000e+02 1.874161499999999876e+02 6.530836789874747694e-01 8.945262843041950074e-01
3.190000000000000000e+02 1.879962329999999895e+02 6.540427239201044296e-01 8.945262843041950074e-01
3.200000000000000000e+02 1.885864669999999990e+02 6.035762243571335395e-01 8.760188439392806448e-01
3.210000000000000000e+02 1.891759169999999983e+02 6.213574358107535334e-01 8.883571375158902939e-01
3.220000000000000000e+02 1.897661500000000103e+02 6.319846904696225787e-01 8.883571375158902939e-01
3.230000000000000000e+02 1.903561170000000118e+02 5.428712721350084092e-01 8.636805503626711067e-01
3.250000000000000000e+02 1.915352670000000046e+02 1.259200076409411062e-01 7.341284678082704573e-01
3.260000000000000000e+02 1.921239329999999939e+02 1.573611293512049147e-01 7.464667613848799954e-01
3.290000000000000000e+02 1.938912329999999997e+02 6.685061583094920046e-01 8.945262843041950074e-01
3.300000000000000000e+02 1.944786000000000001e+02 7.308181587971047666e-01 9.192028714574141945e-01
3.310000000000000000e+02 1.950677670000000035e+02 5.239754949488729663e-01 8.513422567860614576e-01
3.320000000000000000e+02 1.956538329999999917e+02 4.025396703713082780e-01 8.143273760562327324e-01
3.330000000000000000e+02 1.962432829999999910e+02 5.523321207947332612e-01 8.636805503626711067e-01
3.340000000000000000e+02 1.968303830000000119e+02 5.374280441390022478e-01 8.575114035743662821e-01
3.350000000000000000e+02 1.974188000000000045e+02 7.018135296183865002e-01 9.130337246691093700e-01
3.360000000000000000e+02 1.980092830000000106e+02 6.520209535215878427e-01 8.945262843041950074e-01
3.370000000000000000e+02 1.985987169999999935e+02 6.452817188598660714e-01 8.883571375158902939e-01
3.380000000000000000e+02 1.991873999999999967e+02 6.723423380400106453e-01 9.006954310924998319e-01
3.390000000000000000e+02 1.997776169999999922e+02 6.571790600511364655e-01 8.945262843041950074e-01
3.400000000000000000e+02 2.003683829999999944e+02 6.336694991350529937e-01 8.821879907275854693e-01
3.410000000000000000e+02 2.009562500000000114e+02 5.722647033134413697e-01 8.636805503626711067e-01
3.420000000000000000e+02 2.015459669999999903e+02 5.313108926768239648e-01 8.513422567860614576e-01
3.430000000000000000e+02 2.021359329999999943e+02 4.734053148526448096e-01 8.266656696328422704e-01
3.440000000000000000e+02 2.027248669999999890e+02 6.092268134196542340e-01 8.760188439392806448e-01
3.450000000000000000e+02 2.033143000000000029e+02 7.073345180143355559e-01 9.130337246691093700e-01
3.460000000000000000e+02 2.039045500000000004e+02 6.426897055284345184e-01 8.883571375158902939e-01
3.470000000000000000e+02 2.044944999999999879e+02 6.231459250094412150e-01 8.760188439392806448e-01
3.480000000000000000e+02 2.050813499999999863e+02 7.245454865350405838e-01 9.192028714574141945e-01
3.490000000000000000e+02 2.056705330000000060e+02 8.790035609550422846e-01 9.685560457638525689e-01
3.500000000000000000e+02 2.062612829999999917e+02 9.578785266305021029e-01 9.932326329170717560e-01
3.510000000000000000e+02 2.068517830000000117e+02 9.612740640946773052e-01 9.870634861287669315e-01
3.520000000000000000e+02 2.074414999999999907e+02 1.051735329361635829e+00 1.017909220070290832e+00
3.530000000000000000e+02 2.080314669999999921e+02 8.878423264152235372e-01 9.685560457638525689e-01
3.540000000000000000e+02 2.086201330000000098e+02 1.004716207529468885e+00 1.005570926493681405e+00
3.550000000000000000e+02 2.092101000000000113e+02 1.015498982988223720e+00 1.011740073281986119e+00
3.560000000000000000e+02 2.097998169999999902e+02 9.773704668828667730e-01 9.994017797053764696e-01
3.570000000000000000e+02 2.103897829999999942e+02 9.889826866076797396e-01 9.994017797053764696e-01
3.580000000000000000e+02 2.109792329999999936e+02 9.755819776841790913e-01 9.994017797053764696e-01
3.590000000000000000e+02 2.115702499999999873e+02 9.781480708822961612e-01 9.994017797053764696e-01
3.600000000000000000e+02 2.121586499999999944e+02 9.615073452945060994e-01 9.932326329170717560e-01
3.610000000000000000e+02 2.127488669999999900e+02 1.010185355658789197e+00 1.005570926493681405e+00
3.620000000000000000e+02 2.133393829999999980e+02 1.043233525634540637e+00 1.017909220070290832e+00
3.630000000000000000e+02 2.139288329999999974e+02 1.013943774989364943e+00 1.005570926493681405e+00
3.640000000000000000e+02 2.145177669999999921e+02 1.119386877311997264e+00 1.042585807223510130e+00
3.650000000000000000e+02 2.151061829999999873e+02 1.063425309486391690e+00 1.024078366858595768e+00
3.660000000000000000e+02 2.156891329999999982e+02 1.026100317513778615e+00 1.011740073281986119e+00
3.670000000000000000e+02 2.162715499999999906e+02 9.974844903347750424e-01 1.005570926493681405e+00
3.680000000000000000e+02 2.168545000000000016e+02 7.571270941111342134e-01 9.315411650340238436e-01
3.690000000000000000e+02 2.174361330000000123e+02 5.005696145660466501e-01 8.636805503626711067e-01
3.700000000000000000e+02 2.180180330000000026e+02 4.895794780407772273e-01 8.698496971509758202e-01
3.710000000000000000e+02 2.186056499999999971e+02 7.525133103811861846e-01 9.438794586106333817e-01
3.720000000000000000e+02 2.191878169999999955e+02 3.999476570398767805e-01 8.575114035743662821e-01
3.750000000000000000e+02 2.209569669999999917e+02 4.226796139565308641e-01 8.636805503626711067e-01
3.760000000000000000e+02 2.215469329999999957e+02 2.996885813801072884e-01 8.390039632094519195e-01
