1.800000000000000000e+01 0.000000000000000000e+00 6.727077131998049353e-01 9.422876410541007608e-03
2.600000000000000000e+01 4.717183000000000348e+00 8.346955249482871375e-01 9.594201436187207999e-03
2.700000000000000000e+01 5.304866999999999777e+00 8.621075290516792000e-01 9.594201436187207999e-03
2.900000000000000000e+01 6.481266999999999889e+00 9.600197812084825255e-01 9.594201436187207999e-03
3.100000000000000000e+01 7.657917000000000307e+00 9.646455569009299014e-01 9.594201436187207999e-03
3.200000000000000000e+01 8.374717000000000411e+00 9.583921934648436114e-01 9.594201436187207999e-03
3.300000000000000000e+01 8.953832999999999487e+00 9.540234053108654910e-01 9.594201436187207999e-03
3.400000000000000000e+01 9.532949999999999591e+00 9.668727822343305967e-01 9.594201436187207999e-03
3.500000000000000000e+01 1.011356699999999975e+01 9.611333938751828176e-01 9.508538923364107803e-03
3.600000000000000000e+01 1.069289999999999985e+01 9.803217967475572614e-01 9.594201436187207999e-03
3.700000000000000000e+01 1.127826699999999960e+01 9.463994416696096534e-01 9.508538923364107803e-03
4.000000000000000000e+01 1.304110000000000014e+01 9.643885693624606459e-01 9.508538923364107803e-03
4.100000000000000000e+01 1.363083300000000087e+01 9.945417738761919146e-01 9.594201436187207999e-03
4.200000000000000000e+01 1.422095000000000020e+01 9.846049223887122226e-01 9.508538923364107803e-03
4.300000000000000000e+01 1.481124999999999936e+01 1.002594050081563326e+00 9.508538923364107803e-03
4.400000000000000000e+01 1.544580000000000020e+01 1.021868115466760818e+00 9.508538923364107803e-03
4.500000000000000000e+01 1.602520000000000167e+01 1.026579553672031242e+00 9.594201436187207999e-03
4.800000000000000000e+01 1.777438300000000027e+01 1.030006054184955389e+00 9.508538923364107803e-03
5.000000000000000000e+01 1.895333300000000065e+01 1.021868115466760818e+00 9.594201436187207999e-03
5.100000000000000000e+01 1.954139999999999944e+01 1.016557039671728502e+00 9.594201436187207999e-03
5.200000000000000000e+01 2.013018299999999883e+01 9.901729857222137943e-01 9.508538923364107803e-03
5.300000000000000000e+01 2.072054999999999936e+01 9.840909473117737116e-01 9.508538923364107803e-03
5.600000000000000000e+01 2.248924999999999841e+01 9.662731446445688155e-01 9.508538923364107803e-03
5.700000000000000000e+01 2.307876699999999914e+01 9.899159981837444278e-01 9.508538923364107803e-03
5.800000000000000000e+01 2.375781699999999930e+01 9.959980365941846214e-01 9.422876410541007608e-03
5.900000000000000000e+01 2.433699999999999974e+01 1.010132351209996004e+00 9.422876410541007608e-03
6.000000000000000000e+01 2.491603299999999876e+01 1.029577741620839815e+00 9.508538923364107803e-03
6.300000000000000000e+01 2.665516699999999872e+01 1.042084468493012395e+00 9.508538923364107803e-03
6.400000000000000000e+01 2.723636700000000133e+01 1.062129496493617875e+00 9.508538923364107803e-03
6.500000000000000000e+01 2.781933300000000031e+01 1.034631829877402653e+00 9.422876410541007608e-03
6.700000000000000000e+01 2.898211699999999880e+01 1.063671421724433630e+00 9.508538923364107803e-03
6.800000000000000000e+01 2.956663299999999950e+01 1.078062723878714380e+00 9.508538923364107803e-03
6.900000000000000000e+01 3.015008299999999863e+01 1.060758896288448216e+00 9.508538923364107803e-03
7.000000000000000000e+01 3.073250000000000171e+01 1.069153822545112043e+00 9.508538923364107803e-03
7.100000000000000000e+01 3.131415000000000148e+01 1.070952735314397053e+00 9.422876410541007608e-03
7.200000000000000000e+01 3.189841699999999847e+01 1.065727322032188118e+00 9.508538923364107803e-03
7.300000000000000000e+01 3.248743300000000289e+01 1.058959983519163206e+00 9.508538923364107803e-03
7.400000000000000000e+01 3.307646700000000095e+01 1.027264853774616071e+00 9.508538923364107803e-03
7.500000000000000000e+01 3.366470000000000340e+01 1.012959214133158481e+00 9.508538923364107803e-03
7.600000000000000000e+01 3.425365000000000038e+01 1.017756314851252064e+00 9.422876410541007608e-03
7.700000000000000000e+01 3.484315000000000140e+01 1.063328771673141215e+00 9.508538923364107803e-03
7.900000000000000000e+01 3.602089999999999748e+01 1.064014071775726045e+00 9.508538923364107803e-03
8.100000000000000000e+01 3.719888300000000214e+01 1.066926597211711458e+00 9.508538923364107803e-03
8.200000000000000000e+01 3.778405000000000058e+01 1.069753460134873713e+00 9.508538923364107803e-03
8.300000000000000000e+01 3.836594999999999800e+01 1.054933845416477389e+00 9.422876410541007608e-03
8.400000000000000000e+01 3.895593300000000170e+01 1.036259417621041568e+00 9.422876410541007608e-03
8.500000000000000000e+01 3.954203300000000354e+01 1.020154865210298745e+00 9.422876410541007608e-03
8.600000000000000000e+01 4.012601699999999738e+01 1.053391920185661634e+00 9.508538923364107803e-03
8.700000000000000000e+01 4.070743300000000175e+01 1.049537107108622136e+00 9.422876410541007608e-03
8.800000000000000000e+01 4.129375000000000284e+01 1.046795906698282819e+00 9.422876410541007608e-03
8.900000000000000000e+01 4.188136699999999735e+01 1.055105170442123708e+00 9.508538923364107803e-03
9.000000000000000000e+01 4.246951700000000329e+01 1.043626393723828150e+00 9.422876410541007608e-03
9.100000000000000000e+01 4.305766700000000213e+01 1.076349473622252528e+00 9.508538923364107803e-03
9.200000000000000000e+01 4.364216700000000060e+01 1.050222407211206965e+00 9.422876410541007608e-03
9.300000000000000000e+01 4.423238299999999867e+01 1.047909519364983222e+00 9.422876410541007608e-03
9.400000000000000000e+01 4.482209999999999894e+01 1.060758896288448216e+00 9.422876410541007608e-03
9.500000000000000000e+01 4.541181699999999921e+01 1.081060911827522952e+00 9.422876410541007608e-03
9.700000000000000000e+01 4.659148299999999665e+01 1.068896835006642787e+00 9.422876410541007608e-03
9.800000000000000000e+01 4.717414999999999736e+01 1.074893210904259711e+00 9.422876410541007608e-03
9.900000000000000000e+01 4.775996700000000317e+01 1.062129496493617875e+00 9.422876410541007608e-03
1.000000000000000000e+02 4.835098299999999938e+01 1.070096110186166127e+00 9.508538923364107803e-03
1.010000000000000000e+02 4.894198300000000046e+01 1.075921161058136954e+00 9.679863949010308194e-03
1.030000000000000000e+02 5.012113300000000038e+01 1.078833686494122368e+00 9.765526461833408389e-03
1.040000000000000000e+02 5.070981700000000103e+01 1.080889586801876856e+00 9.679863949010308194e-03
1.050000000000000000e+02 5.129951700000000159e+01 1.039685918133965714e+00 9.679863949010308194e-03
1.060000000000000000e+02 5.188949999999999818e+01 1.009447051107411397e+00 9.679863949010308194e-03
1.070000000000000000e+02 5.247868299999999664e+01 1.068725509980996469e+00 9.679863949010308194e-03
1.090000000000000000e+02 5.365261699999999934e+01 1.068554184955350372e+00 9.679863949010308194e-03
1.100000000000000000e+02 5.424101699999999937e+01 1.074978873417082870e+00 9.679863949010308194e-03
1.120000000000000000e+02 5.540481700000000131e+01 9.849475724400046373e-01 9.594201436187207999e-03
1.130000000000000000e+02 5.599296700000000016e+01 1.047652531826513966e+00 9.594201436187207999e-03
1.140000000000000000e+02 5.658266700000000071e+01 1.041399168390427565e+00 9.594201436187207999e-03
1.150000000000000000e+02 5.717158299999999826e+01 1.025637266030977157e+00 9.594201436187207999e-03
1.170000000000000000e+02 5.834943299999999766e+01 1.041313505877604406e+00 9.594201436187207999e-03
1.180000000000000000e+02 5.893809999999999860e+01 1.023067390646284158e+00 9.594201436187207999e-03
1.190000000000000000e+02 5.952573300000000245e+01 1.058702995980693728e+00 9.594201436187207999e-03
1.200000000000000000e+02 6.014901700000000062e+01 1.069753460134873713e+00 9.594201436187207999e-03
1.210000000000000000e+02 6.072829999999999728e+01 1.054334207826715719e+00 9.594201436187207999e-03
1.220000000000000000e+02 6.130760000000000076e+01 1.052106982493315135e+00 9.679863949010308194e-03
1.240000000000000000e+02 6.248076700000000017e+01 1.020326190235945063e+00 9.594201436187207999e-03
1.250000000000000000e+02 6.307019999999999982e+01 9.734687957217093013e-01 9.594201436187207999e-03
1.260000000000000000e+02 6.365236699999999814e+01 9.473417293106637382e-01 9.594201436187207999e-03
1.410000000000000000e+02 7.245786699999999314e+01 6.778474639691909331e-01 9.422876410541007608e-03
1.440000000000000000e+02 7.422646699999999953e+01 8.183339849990750592e-01 9.508538923364107803e-03
1.450000000000000000e+02 7.487631700000000023e+01 9.964263491583000842e-01 9.508538923364107803e-03
1.460000000000000000e+02 7.545534999999999570e+01 1.021268477876999148e+00 9.508538923364107803e-03
1.470000000000000000e+02 7.608774999999999977e+01 1.011674276440811981e+00 9.508538923364107803e-03
1.480000000000000000e+02 7.671833300000000122e+01 9.876887728503438435e-01 9.422876410541007608e-03
1.490000000000000000e+02 7.735438299999999856e+01 1.022639078082168806e+00 9.508538923364107803e-03
1.500000000000000000e+02 7.793341700000000571e+01 1.048080844390629318e+00 9.508538923364107803e-03
1.510000000000000000e+02 7.857051699999999528e+01 1.033432554697879313e+00 9.508538923364107803e-03
1.530000000000000000e+02 7.974081700000000694e+01 1.024266665825807499e+00 9.422876410541007608e-03
1.540000000000000000e+02 8.032661699999999882e+01 1.072837310596505445e+00 9.508538923364107803e-03
1.550000000000000000e+02 8.091528300000000229e+01 1.066498284647595884e+00 9.508538923364107803e-03
1.560000000000000000e+02 8.150081699999999785e+01 1.018184627415367416e+00 9.337213897717907413e-03
1.570000000000000000e+02 8.208844999999999459e+01 1.039086280544203822e+00 9.422876410541007608e-03
1.580000000000000000e+02 8.267763300000000015e+01 1.090569450750886960e+00 9.508538923364107803e-03
1.590000000000000000e+02 8.326708299999999952e+01 1.019298240082067819e+00 9.422876410541007608e-03
1.610000000000000000e+02 8.444519999999999982e+01 9.679863949010308888e-01 9.422876410541007608e-03
1.760000000000000000e+02 9.325329999999999586e+01 8.366657627432184663e-01 9.422876410541007608e-03
1.770000000000000000e+02 9.384221700000000510e+01 9.255834510535962956e-01 9.337213897717907413e-03
1.780000000000000000e+02 9.443036700000000394e+01 9.720125330037165945e-01 9.337213897717907413e-03
1.790000000000000000e+02 9.501928300000000149e+01 9.822063720296654310e-01 9.337213897717907413e-03
1.800000000000000000e+02 9.560795000000000243e+01 1.056133120596000730e+00 9.337213897717907413e-03
1.810000000000000000e+02 9.619844999999999402e+01 1.075492848494021381e+00 9.422876410541007608e-03
1.820000000000000000e+02 9.678893300000000011e+01 1.078234048904360698e+00 9.337213897717907413e-03
1.830000000000000000e+02 9.737866699999999298e+01 1.089455838084186778e+00 9.422876410541007608e-03
1.840000000000000000e+02 9.796939999999999316e+01 1.052535295057430709e+00 9.337213897717907413e-03
1.860000000000000000e+02 9.915089999999999293e+01 1.086200662596908950e+00 9.337213897717907413e-03
1.870000000000000000e+02 9.974191700000000083e+01 1.050393732236853062e+00 9.337213897717907413e-03
1.880000000000000000e+02 1.003316329999999965e+02 1.056561433160116303e+00 9.337213897717907413e-03
1.890000000000000000e+02 1.009221170000000001e+02 1.051593007416376624e+00 9.337213897717907413e-03
1.900000000000000000e+02 1.015115669999999994e+02 1.031890629467063558e+00 9.337213897717907413e-03
1.930000000000000000e+02 1.032762830000000065e+02 9.258404385920656621e-01 9.251551384894808952e-03
1.940000000000000000e+02 1.038589499999999930e+02 9.398034281822309488e-01 9.251551384894808952e-03
1.960000000000000000e+02 1.050237999999999943e+02 9.929998486453760487e-01 9.251551384894808952e-03
1.970000000000000000e+02 1.056077829999999977e+02 1.052106982493315135e+00 9.422876410541007608e-03
1.990000000000000000e+02 1.067866829999999965e+02 1.076520798647898625e+00 9.422876410541007608e-03
2.000000000000000000e+02 1.073685669999999988e+02 1.096565826648504105e+00 9.422876410541007608e-03
2.010000000000000000e+02 1.079569670000000059e+02 1.088427887930309534e+00 9.422876410541007608e-03
2.020000000000000000e+02 1.085464170000000053e+02 1.101105939828128433e+00 9.422876410541007608e-03
2.030000000000000000e+02 1.091366500000000030e+02 1.116011217059347693e+00 9.508538923364107803e-03
2.050000000000000000e+02 1.103080000000000069e+02 1.095794864033096117e+00 9.422876410541007608e-03
2.060000000000000000e+02 1.108977000000000004e+02 1.082688499571161866e+00 9.337213897717907413e-03
2.070000000000000000e+02 1.114863830000000036e+02 1.084487412340446877e+00 9.337213897717907413e-03
2.080000000000000000e+02 1.120674829999999957e+02 1.077034773724837358e+00 9.337213897717907413e-03
2.100000000000000000e+02 1.132380500000000012e+02 1.083887774750685207e+00 9.337213897717907413e-03
2.120000000000000000e+02 1.144086170000000067e+02 1.086714637673847461e+00 9.422876410541007608e-03
2.130000000000000000e+02 1.149964829999999978e+02 1.071552372904158945e+00 9.337213897717907413e-03
2.140000000000000000e+02 1.155872329999999977e+02 1.044996993928997808e+00 9.251551384894808952e-03
2.160000000000000000e+02 1.167622170000000068e+02 1.033261229672233217e+00 9.251551384894808952e-03
2.170000000000000000e+02 1.173508999999999958e+02 1.033346892185056154e+00 9.251551384894808952e-03
2.180000000000000000e+02 1.179421669999999978e+02 1.057246733262701133e+00 9.251551384894808952e-03
2.190000000000000000e+02 1.185300670000000025e+02 1.062215159006441034e+00 9.337213897717907413e-03
2.200000000000000000e+02 1.191187330000000060e+02 1.052963607621546060e+00 9.337213897717907413e-03
2.210000000000000000e+02 1.197084329999999994e+02 1.024523653364276976e+00 9.251551384894808952e-03
2.220000000000000000e+02 1.202981330000000071e+02 1.013473189210096992e+00 9.251551384894808952e-03
2.230000000000000000e+02 1.208829000000000065e+02 1.003022362645678678e+00 9.165888872071708757e-03
2.240000000000000000e+02 1.214715499999999935e+02 1.038486642954442152e+00 9.251551384894808952e-03
2.250000000000000000e+02 1.220610170000000068e+02 1.044654343877705394e+00 9.251551384894808952e-03
2.270000000000000000e+02 1.232386000000000053e+02 6.190829801725442616e-01 8.309263743840706803e-03
2.290000000000000000e+02 1.244167000000000058e+02 1.046881569211105978e+00 9.337213897717907413e-03
2.310000000000000000e+02 1.255875170000000054e+02 1.028292803928493315e+00 9.251551384894808952e-03
2.320000000000000000e+02 1.261720169999999968e+02 9.716698829524241798e-01 9.165888872071708757e-03
2.350000000000000000e+02 1.279393170000000026e+02 9.589061685417822334e-01 9.165888872071708757e-03
2.380000000000000000e+02 1.297058499999999981e+02 1.023581365723222891e+00 9.251551384894808952e-03
2.400000000000000000e+02 1.308857830000000035e+02 1.021525465415468403e+00 9.251551384894808952e-03
2.410000000000000000e+02 1.314755000000000109e+02 1.011160301363873248e+00 9.251551384894808952e-03
2.420000000000000000e+02 1.320662499999999966e+02 1.006620188184248921e+00 9.251551384894808952e-03
2.430000000000000000e+02 1.326567330000000027e+02 9.514535299261724921e-01 9.165888872071708757e-03
2.440000000000000000e+02 1.332464329999999961e+02 9.468277542337251163e-01 9.165888872071708757e-03
2.460000000000000000e+02 1.344209170000000029e+02 8.681895674621192827e-01 9.165888872071708757e-03
2.490000000000000000e+02 1.361869000000000085e+02 7.779012789465717947e-01 9.165888872071708757e-03
2.730000000000000000e+02 1.503338669999999979e+02 4.265136513462152723e-01 9.165888872071708757e-03
3.150000000000000000e+02 1.750687169999999924e+02 6.930097287388795602e-01 9.422876410541007608e-03
3.440000000000000000e+02 1.921364000000000090e+02 4.959859492457494579e-01 9.080226359248608561e-03
3.500000000000000000e+02 1.956728170000000091e+02 7.670221398180381289e-01 9.337213897717907413e-03
3.510000000000000000e+02 1.962633170000000007e+02 7.899796932546289119e-01 9.337213897717907413e-03
3.550000000000000000e+02 1.986216330000000028e+02 8.202185602811832288e-01 9.422876410541007608e-03
3.560000000000000000e+02 1.992113500000000101e+02 7.857822301262969988e-01 9.422876410541007608e-03
3.570000000000000000e+02 1.998013170000000116e+02 7.915216184854446668e-01 9.337213897717907413e-03
3.640000000000000000e+02 2.039293000000000120e+02 9.142759993609470559e-01 9.508538923364107803e-03
3.660000000000000000e+02 2.051006669999999872e+02 8.349525124867563930e-01 9.422876410541007608e-03
