0.000000000000000000e+00 0.000000000000000000e+00 5.653737967997776170e-01 8.888269713011981432e-01
1.000000000000000000e+00 5.808999999999999719e-01 5.946323339062083990e-01 8.949568124825857396e-01
2.000000000000000000e+00 1.171483000000000052e+00 5.842220864886472631e-01 9.010866536639733360e-01
3.000000000000000000e+00 1.762350000000000083e+00 5.325453187324085125e-01 8.826971301198105468e-01
4.000000000000000000e+00 2.350067000000000128e+00 4.528083157307530859e-01 8.581777653942602724e-01
6.000000000000000000e+00 3.528350000000000097e+00 4.966212275240859952e-01 8.704374477570354651e-01
7.000000000000000000e+00 4.118916999999999717e+00 6.249643497631311995e-01 9.194761772081360141e-01
8.000000000000000000e+00 4.709850000000000314e+00 5.614793157514813560e-01 8.949568124825857396e-01
9.000000000000000000e+00 5.297517000000000031e+00 6.088372038836479261e-01 9.010866536639733360e-01
1.000000000000000000e+01 5.883666999999999980e+00 6.831319192665303852e-01 9.256060183895236104e-01
1.100000000000000000e+01 6.472682999999999964e+00 6.346506231396629172e-01 9.072164948453609323e-01
1.200000000000000000e+01 7.063049999999999606e+00 6.837310701970374938e-01 9.256060183895236104e-01
1.300000000000000000e+01 7.651283000000000278e+00 6.833566008654705648e-01 9.256060183895236104e-01
1.400000000000000000e+01 8.240816999999999837e+00 6.699755634174783259e-01 9.194761772081360141e-01
1.500000000000000000e+01 8.826933000000000362e+00 6.965129567145226241e-01 9.256060183895236104e-01
1.600000000000000000e+01 9.414633000000000251e+00 7.603974246798439474e-01 9.439955419336862885e-01
1.700000000000000000e+01 1.000021699999999925e+01 8.508442505643140086e-01 9.746447478406241594e-01
1.800000000000000000e+01 1.058846699999999963e+01 8.926100633450808619e-01 9.869044302033993521e-01
1.900000000000000000e+01 1.117828300000000041e+01 9.613875972428769234e-01 1.017553636110337223e+00
2.000000000000000000e+01 1.176863299999999946e+01 9.822080920779991953e-01 1.023683477291724708e+00
2.100000000000000000e+01 1.235763299999999987e+01 9.697257810257676747e-01 1.017553636110337223e+00
2.200000000000000000e+01 1.294718300000000077e+01 9.975363700501396202e-01 1.023683477291724708e+00
2.300000000000000000e+01 1.353674999999999962e+01 1.022625815265125082e+00 1.035943159654499901e+00
2.400000000000000000e+01 1.412711700000000015e+01 1.018980980437873551e+00 1.029813318473112416e+00
2.500000000000000000e+01 1.471668299999999974e+01 1.057900826298731500e+00 1.042073000835887608e+00
2.600000000000000000e+01 1.530564999999999998e+01 1.103386367773063537e+00 1.054332683198662579e+00
2.700000000000000000e+01 1.589333300000000015e+01 1.137513006189864617e+00 1.066592365561437772e+00
2.800000000000000000e+01 1.648101700000000136e+01 1.237121848386672829e+00 1.091111730286988157e+00
2.900000000000000000e+01 1.706973299999999938e+01 1.249803876415739978e+00 1.097241571468375643e+00
3.000000000000000000e+01 1.765739999999999910e+01 1.272546647152905885e+00 1.103371412649763128e+00
3.100000000000000000e+01 1.824638300000000157e+01 1.249803876415739978e+00 1.091111730286988157e+00
3.200000000000000000e+01 1.896318300000000079e+01 1.215926884219983517e+00 1.084981889105600450e+00
3.300000000000000000e+01 1.954230000000000089e+01 1.229158133935349007e+00 1.084981889105600450e+00
3.400000000000000000e+01 2.012141700000000100e+01 1.268951741569863234e+00 1.097241571468375643e+00
3.500000000000000000e+01 2.070203300000000013e+01 1.262386045956389591e+00 1.097241571468375643e+00
3.600000000000000000e+01 2.128136699999999948e+01 1.261212708717479813e+00 1.097241571468375643e+00
3.700000000000000000e+01 2.186673299999999998e+01 1.239743133707641443e+00 1.091111730286988157e+00
3.800000000000000000e+01 2.245550000000000068e+01 1.180851590163212839e+00 1.072722206742825257e+00
3.900000000000000000e+01 2.304448299999999961e+01 1.253448711242991731e+00 1.091111730286988157e+00
4.000000000000000000e+01 2.362956700000000154e+01 1.268452449127773995e+00 1.097241571468375643e+00
4.100000000000000000e+01 2.421930000000000049e+01 1.272696434885532746e+00 1.097241571468375643e+00
4.200000000000000000e+01 2.480941699999999983e+01 1.287775066636628551e+00 1.103371412649763128e+00
4.300000000000000000e+01 2.539971699999999899e+01 1.312465077897942534e+00 1.109501253831150835e+00
4.400000000000000000e+01 2.603426699999999983e+01 1.318506516447222721e+00 1.109501253831150835e+00
4.500000000000000000e+01 2.661366699999999952e+01 1.317308214586208504e+00 1.109501253831150835e+00
4.600000000000000000e+01 2.719290000000000163e+01 1.333834794419363146e+00 1.115631095012538321e+00
4.700000000000000000e+01 2.778121700000000160e+01 1.332936068023602427e+00 1.115631095012538321e+00
4.800000000000000000e+01 2.836285000000000167e+01 1.323474476246010889e+00 1.109501253831150835e+00
4.900000000000000000e+01 2.895221700000000098e+01 1.326644983253277621e+00 1.109501253831150835e+00
5.000000000000000000e+01 2.954179999999999851e+01 1.320528650837684115e+00 1.109501253831150835e+00
5.100000000000000000e+01 3.012986700000000084e+01 1.307272436500214186e+00 1.109501253831150835e+00
5.200000000000000000e+01 3.071865000000000023e+01 1.273969630612860504e+00 1.097241571468375643e+00
5.300000000000000000e+01 3.130901700000000076e+01 1.283805691722018860e+00 1.097241571468375643e+00
5.400000000000000000e+01 3.189778300000000044e+01 1.261387461072210892e+00 1.091111730286988157e+00
5.500000000000000000e+01 3.248788299999999651e+01 1.232877862628914079e+00 1.084981889105600450e+00
5.600000000000000000e+01 3.307771699999999981e+01 1.234575456932017534e+00 1.084981889105600450e+00
5.700000000000000000e+01 3.366723300000000307e+01 1.282582425238900203e+00 1.097241571468375643e+00
5.800000000000000000e+01 3.434628299999999967e+01 1.289996918003925686e+00 1.097241571468375643e+00
5.900000000000000000e+01 3.492546699999999760e+01 1.318306799470386981e+00 1.109501253831150835e+00
6.000000000000000000e+01 3.550450000000000017e+01 1.330314782702633813e+00 1.109501253831150835e+00
6.100000000000000000e+01 3.608514999999999873e+01 1.345867742273714418e+00 1.115631095012538321e+00
6.200000000000000000e+01 3.666434999999999889e+01 1.366089086178329470e+00 1.121760936193926028e+00
6.300000000000000000e+01 3.724363300000000265e+01 1.365514899869926913e+00 1.121760936193926028e+00
6.400000000000000000e+01 3.782483299999999815e+01 1.385162057466139407e+00 1.127890777375313514e+00
6.500000000000000000e+01 3.840780000000000172e+01 1.382191267435708193e+00 1.121760936193926028e+00
6.600000000000000000e+01 3.899025000000000318e+01 1.402212894363487727e+00 1.134020618556700999e+00
6.700000000000000000e+01 3.957058299999999917e+01 1.392326904010120270e+00 1.127890777375313514e+00
6.800000000000000000e+01 4.015509999999999735e+01 1.396221385058416642e+00 1.127890777375313514e+00
6.900000000000000000e+01 4.073854999999999649e+01 1.395921809593162921e+00 1.127890777375313514e+00
7.000000000000000000e+01 4.132096700000000311e+01 1.389031573892331117e+00 1.127890777375313514e+00
7.100000000000000000e+01 4.190261699999999934e+01 1.402712186805576966e+00 1.127890777375313514e+00
7.200000000000000000e+01 4.248688299999999884e+01 1.371531373797102438e+00 1.121760936193926028e+00
7.300000000000000000e+01 4.307589999999999719e+01 1.381642045749410075e+00 1.127890777375313514e+00
7.400000000000000000e+01 4.366493299999999778e+01 1.319904535285072678e+00 1.109501253831150835e+00
7.500000000000000000e+01 4.425316699999999770e+01 1.313438698160016571e+00 1.103371412649763128e+00
7.600000000000000000e+01 4.484211700000000178e+01 1.314237566067359531e+00 1.103371412649763128e+00
7.700000000000000000e+01 4.543161700000000280e+01 1.343221492330641142e+00 1.115631095012538321e+00
7.800000000000000000e+01 4.602191700000000196e+01 1.374102729873862172e+00 1.121760936193926028e+00
7.900000000000000000e+01 4.660936699999999888e+01 1.379120618916859220e+00 1.127890777375313514e+00
8.000000000000000000e+01 4.719783300000000281e+01 1.383664180139871691e+00 1.127890777375313514e+00
8.100000000000000000e+01 4.778735000000000355e+01 1.394124356801641706e+00 1.127890777375313514e+00
8.200000000000000000e+01 4.837251700000000199e+01 1.373878048274921992e+00 1.121760936193926028e+00
8.300000000000000000e+01 4.895441699999999940e+01 1.387059368746078603e+00 1.127890777375313514e+00
8.400000000000000000e+01 4.954440000000000310e+01 1.368585548388775885e+00 1.121760936193926028e+00
8.500000000000000000e+01 5.013049999999999784e+01 1.369209663941387323e+00 1.121760936193926028e+00
8.600000000000000000e+01 5.071448300000000131e+01 1.374651951560160290e+00 1.121760936193926028e+00
8.700000000000000000e+01 5.129590000000000316e+01 1.379320335893694960e+00 1.121760936193926028e+00
8.800000000000000000e+01 5.188221699999999714e+01 1.377797493945322804e+00 1.121760936193926028e+00
8.900000000000000000e+01 5.246983300000000128e+01 1.386634970170302683e+00 1.127890777375313514e+00
9.000000000000000000e+01 5.305798300000000012e+01 1.397943943983624537e+00 1.127890777375313514e+00
9.100000000000000000e+01 5.364613299999999896e+01 1.388432422961824120e+00 1.127890777375313514e+00
9.200000000000000000e+01 5.423063299999999742e+01 1.386909581013451742e+00 1.121760936193926028e+00
9.300000000000000000e+01 5.482085000000000008e+01 1.394998118575297985e+00 1.127890777375313514e+00
9.400000000000000000e+01 5.541056700000000035e+01 1.384537941913527748e+00 1.121760936193926028e+00
9.500000000000000000e+01 5.600028300000000314e+01 1.401214309479309250e+00 1.127890777375313514e+00
9.600000000000000000e+01 5.658919999999999817e+01 1.391877540812239911e+00 1.127890777375313514e+00
9.700000000000000000e+01 5.717994999999999806e+01 1.402138000497174408e+00 1.127890777375313514e+00
9.800000000000000000e+01 5.776261699999999877e+01 1.401314167967727009e+00 1.127890777375313514e+00
9.900000000000000000e+01 5.834843299999999999e+01 1.405558153725485759e+00 1.127890777375313514e+00
1.000000000000000000e+02 5.893945000000000078e+01 1.404959002794978762e+00 1.134020618556700999e+00
1.010000000000000000e+02 5.953045000000000186e+01 1.401788495787711808e+00 1.140150459738088706e+00
1.020000000000000000e+02 6.011990000000000123e+01 1.382915241476737611e+00 1.134020618556700999e+00
1.030000000000000000e+02 6.070960000000000178e+01 1.398293448693086916e+00 1.140150459738088706e+00
1.040000000000000000e+02 6.129828299999999786e+01 1.419338625127149589e+00 1.146280300919476192e+00
1.050000000000000000e+02 6.188798299999999841e+01 1.367512069638283867e+00 1.134020618556700999e+00
1.060000000000000000e+02 6.247796699999999959e+01 1.293491965098550578e+00 1.109501253831150835e+00
1.070000000000000000e+02 6.306714999999999804e+01 1.416342870474613935e+00 1.146280300919476192e+00
1.080000000000000000e+02 6.365294999999999703e+01 1.419188837394522729e+00 1.146280300919476192e+00
1.090000000000000000e+02 6.424108300000000327e+01 1.425230275943802694e+00 1.146280300919476192e+00
1.100000000000000000e+02 6.482948299999999620e+01 1.400889769391951090e+00 1.140150459738088706e+00
1.110000000000000000e+02 6.541113300000000663e+01 1.289872094893403487e+00 1.109501253831150835e+00
1.120000000000000000e+02 6.599328300000000525e+01 1.264108604881597486e+00 1.097241571468375643e+00
1.130000000000000000e+02 6.658143300000000409e+01 1.363043402281584937e+00 1.121760936193926028e+00
1.140000000000000000e+02 6.717113299999999754e+01 1.330963862877349912e+00 1.115631095012538321e+00
1.150000000000000000e+02 6.776005000000000678e+01 1.343795678639043922e+00 1.121760936193926028e+00
1.160000000000000000e+02 6.834820000000000562e+01 1.289297908585000707e+00 1.103371412649763128e+00
1.170000000000000000e+02 6.893789999999999907e+01 1.362444251351077940e+00 1.121760936193926028e+00
1.180000000000000000e+02 6.952656700000000001e+01 1.350860666694607026e+00 1.121760936193926028e+00
1.190000000000000000e+02 7.011419999999999675e+01 1.387558661188167841e+00 1.134020618556700999e+00
1.200000000000000000e+02 7.073748299999999745e+01 1.362394322106869060e+00 1.121760936193926028e+00
1.210000000000000000e+02 7.131676699999999869e+01 1.390679238951225694e+00 1.134020618556700999e+00
1.220000000000000000e+02 7.189606700000000217e+01 1.355279404807096855e+00 1.121760936193926028e+00
1.230000000000000000e+02 7.248005000000000564e+01 1.369034911586656245e+00 1.127890777375313514e+00
1.240000000000000000e+02 7.306923299999999699e+01 1.327019452584844661e+00 1.115631095012538321e+00
1.250000000000000000e+02 7.365866699999999412e+01 1.250552815078873836e+00 1.097241571468375643e+00
1.260000000000000000e+02 7.424083299999999497e+01 1.220220799221951147e+00 1.084981889105600450e+00
1.270000000000000000e+02 7.482351699999999539e+01 1.097869186287977250e+00 1.054332683198662579e+00
1.280000000000000000e+02 7.540541699999999992e+01 9.002492377090466347e-01 9.930342713847869485e-01
1.290000000000000000e+02 7.598781700000000683e+01 7.307144889976372459e-01 9.439955419336862885e-01
1.300000000000000000e+02 7.657701699999999789e+01 4.882331144969863645e-01 8.704374477570354651e-01
1.320000000000000000e+02 7.775435000000000230e+01 4.507612167181871410e-01 8.643076065756478688e-01
1.340000000000000000e+02 7.893141699999999616e+01 5.982522041113556011e-01 9.072164948453609323e-01
1.350000000000000000e+02 7.951981700000000330e+01 7.523338517401022552e-01 9.562552242964614813e-01
1.360000000000000000e+02 8.010301699999999414e+01 8.671211841764240313e-01 9.807745890220117557e-01
1.370000000000000000e+02 8.069193300000000590e+01 8.651739436522758453e-01 9.807745890220117557e-01
1.380000000000000000e+02 8.128086700000000064e+01 5.314968046040210448e-01 8.765672889384230615e-01
1.390000000000000000e+02 8.186926699999999357e+01 6.932176265967334716e-01 9.256060183895236104e-01
1.400000000000000000e+02 8.245741700000000662e+01 8.012145818206412029e-01 9.562552242964614813e-01
1.410000000000000000e+02 8.304633300000000418e+01 9.204955462357662377e-01 9.991641125661744338e-01
1.420000000000000000e+02 8.363500000000000512e+01 9.359486473184289723e-01 1.005293953747562030e+00
1.430000000000000000e+02 8.422575000000000500e+01 9.308059351649096147e-01 1.005293953747562030e+00
1.440000000000000000e+02 8.481493299999999635e+01 1.107031202600315067e+00 1.054332683198662579e+00
1.450000000000000000e+02 8.546478299999999706e+01 1.304301646469783194e+00 1.109501253831150835e+00
1.460000000000000000e+02 8.604381700000000421e+01 1.322051492786056492e+00 1.109501253831150835e+00
1.470000000000000000e+02 8.667621699999999407e+01 1.295164594779549594e+00 1.103371412649763128e+00
1.480000000000000000e+02 8.730679999999999552e+01 1.305924346906573330e+00 1.103371412649763128e+00
1.490000000000000000e+02 8.794285000000000707e+01 1.321627094210280573e+00 1.109501253831150835e+00
1.500000000000000000e+02 8.852188300000000254e+01 1.343720784772730603e+00 1.115631095012538321e+00
1.510000000000000000e+02 8.915898300000000631e+01 1.347465478088399893e+00 1.115631095012538321e+00
1.520000000000000000e+02 8.973905000000000598e+01 1.341149428695970869e+00 1.115631095012538321e+00
1.530000000000000000e+02 9.032928300000000377e+01 1.356627494400737932e+00 1.115631095012538321e+00
1.540000000000000000e+02 9.091508299999999565e+01 1.398543094914131757e+00 1.127890777375313514e+00
1.550000000000000000e+02 9.150374999999999659e+01 1.401039557124577950e+00 1.127890777375313514e+00
1.560000000000000000e+02 9.208928299999999467e+01 1.245210385948518850e+00 1.078852047924212965e+00
1.570000000000000000e+02 9.267691700000000310e+01 1.372155489349714097e+00 1.121760936193926028e+00
1.580000000000000000e+02 9.326609999999999445e+01 1.394174286045850586e+00 1.127890777375313514e+00
1.590000000000000000e+02 9.385554999999999382e+01 1.301330856439351980e+00 1.097241571468375643e+00
1.600000000000000000e+02 9.444370000000000687e+01 1.270499548140340051e+00 1.091111730286988157e+00
1.610000000000000000e+02 9.503366699999999412e+01 1.255420916389244246e+00 1.091111730286988157e+00
1.620000000000000000e+02 9.562284999999999968e+01 8.812511602875501282e-01 9.807745890220117557e-01
1.630000000000000000e+02 9.621386699999999337e+01 5.633516624093161118e-01 8.704374477570354651e-01
1.640000000000000000e+02 9.680356700000000103e+01 5.005656378165911358e-01 8.520479242128726760e-01
1.670000000000000000e+02 9.857216699999999321e+01 3.030205831039740616e-01 8.091390359431597235e-01
1.680000000000000000e+02 9.915353299999999592e+01 2.446782612458436035e-01 8.030091947617721271e-01
1.730000000000000000e+02 1.020757669999999990e+02 5.004408147060688261e-01 8.643076065756478688e-01
1.740000000000000000e+02 1.026659999999999968e+02 7.106678974477532718e-01 9.256060183895236104e-01
1.750000000000000000e+02 1.032544000000000040e+02 8.255051591282839274e-01 9.623850654778490776e-01
1.760000000000000000e+02 1.038417670000000044e+02 1.089880507214548988e+00 1.042073000835887608e+00
1.770000000000000000e+02 1.044306830000000019e+02 1.202920316103558207e+00 1.072722206742825257e+00
1.780000000000000000e+02 1.050188330000000008e+02 1.282707248349422402e+00 1.091111730286988157e+00
1.790000000000000000e+02 1.056077499999999958e+02 1.305000655888708172e+00 1.097241571468375643e+00
1.800000000000000000e+02 1.061964169999999967e+02 1.379045725050545901e+00 1.121760936193926028e+00
1.810000000000000000e+02 1.067869170000000025e+02 1.374252517606489032e+00 1.115631095012538321e+00
1.820000000000000000e+02 1.073773999999999944e+02 1.393450312004821168e+00 1.121760936193926028e+00
1.830000000000000000e+02 1.079671330000000040e+02 1.402537434450845666e+00 1.127890777375313514e+00
1.840000000000000000e+02 1.085578670000000017e+02 1.401788495787711808e+00 1.121760936193926028e+00
1.850000000000000000e+02 1.091478330000000057e+02 1.395322658662655924e+00 1.121760936193926028e+00
1.860000000000000000e+02 1.097393670000000014e+02 1.400090901484608352e+00 1.121760936193926028e+00
1.870000000000000000e+02 1.103303829999999977e+02 1.383314675430409091e+00 1.115631095012538321e+00
1.880000000000000000e+02 1.109201000000000050e+02 1.374452234583324772e+00 1.115631095012538321e+00
1.890000000000000000e+02 1.115105829999999969e+02 1.376274651996950427e+00 1.115631095012538321e+00
1.900000000000000000e+02 1.121000329999999963e+02 1.350735843584084606e+00 1.109501253831150835e+00
1.910000000000000000e+02 1.126897330000000039e+02 1.301605467282501039e+00 1.097241571468375643e+00
1.920000000000000000e+02 1.132784170000000046e+02 1.250502885834664957e+00 1.084981889105600450e+00
1.930000000000000000e+02 1.138647500000000008e+02 1.222667332188188460e+00 1.072722206742825257e+00
1.940000000000000000e+02 1.144474170000000015e+02 1.239518452108701263e+00 1.078852047924212965e+00
1.950000000000000000e+02 1.150298499999999962e+02 1.286576764775614334e+00 1.091111730286988157e+00
1.960000000000000000e+02 1.156122670000000028e+02 1.326919594096426902e+00 1.103371412649763128e+00
1.970000000000000000e+02 1.161962500000000063e+02 1.360072612251153945e+00 1.115631095012538321e+00
1.980000000000000000e+02 1.167862169999999935e+02 1.377273236881129126e+00 1.115631095012538321e+00
1.990000000000000000e+02 1.173751500000000050e+02 1.401289203345622569e+00 1.127890777375313514e+00
2.000000000000000000e+02 1.179570329999999956e+02 1.419638200592403088e+00 1.134020618556700999e+00
2.010000000000000000e+02 1.185454330000000027e+02 1.419812952947134388e+00 1.134020618556700999e+00
2.020000000000000000e+02 1.191348830000000021e+02 1.423657504751221659e+00 1.134020618556700999e+00
2.030000000000000000e+02 1.197251169999999973e+02 1.421210971784984123e+00 1.134020618556700999e+00
2.040000000000000000e+02 1.203156000000000034e+02 1.420536926988163806e+00 1.127890777375313514e+00
2.050000000000000000e+02 1.208964670000000012e+02 1.416292941230405056e+00 1.127890777375313514e+00
2.060000000000000000e+02 1.214861669999999947e+02 1.403536019335024365e+00 1.121760936193926028e+00
2.070000000000000000e+02 1.220748499999999979e+02 1.408953342331692893e+00 1.121760936193926028e+00
2.080000000000000000e+02 1.226559500000000043e+02 1.413347115822078282e+00 1.127890777375313514e+00
2.090000000000000000e+02 1.232381170000000026e+02 1.397045217587863819e+00 1.121760936193926028e+00
2.100000000000000000e+02 1.238265169999999955e+02 1.411025405966363166e+00 1.127890777375313514e+00
2.110000000000000000e+02 1.244146669999999943e+02 1.373478614321250513e+00 1.115631095012538321e+00
2.120000000000000000e+02 1.249970830000000035e+02 1.379070689672650341e+00 1.115631095012538321e+00
2.130000000000000000e+02 1.255849500000000063e+02 1.368810229987716065e+00 1.115631095012538321e+00
2.140000000000000000e+02 1.261757000000000062e+02 1.363218154636316237e+00 1.109501253831150835e+00
2.150000000000000000e+02 1.267640999999999991e+02 1.357875725505961029e+00 1.109501253831150835e+00
2.160000000000000000e+02 1.273506830000000036e+02 1.345268591343207198e+00 1.109501253831150835e+00
2.170000000000000000e+02 1.279393670000000043e+02 1.357276574575454031e+00 1.109501253831150835e+00
2.180000000000000000e+02 1.285306329999999946e+02 1.362144675885824441e+00 1.109501253831150835e+00
2.190000000000000000e+02 1.291185330000000135e+02 1.373603437431772933e+00 1.115631095012538321e+00
2.200000000000000000e+02 1.297072000000000003e+02 1.361320843356377042e+00 1.109501253831150835e+00
2.210000000000000000e+02 1.302968999999999937e+02 1.334558768460392564e+00 1.103371412649763128e+00
2.220000000000000000e+02 1.308865999999999872e+02 1.304751009667663553e+00 1.097241571468375643e+00
2.230000000000000000e+02 1.314713669999999865e+02 1.313987919846314911e+00 1.097241571468375643e+00
2.240000000000000000e+02 1.320600169999999878e+02 1.338952541950777952e+00 1.103371412649763128e+00
2.250000000000000000e+02 1.326494830000000036e+02 1.342023190469626925e+00 1.103371412649763128e+00
2.260000000000000000e+02 1.332381330000000048e+02 4.215775734780696782e-01 6.742825299526330474e-01
2.270000000000000000e+02 1.338270669999999996e+02 8.433298993108705455e-01 9.194761772081360141e-01
2.280000000000000000e+02 1.344165000000000134e+02 1.021277725671484227e+00 9.930342713847869485e-01
2.290000000000000000e+02 1.350051670000000001e+02 1.350910595938815906e+00 1.109501253831150835e+00
2.300000000000000000e+02 1.355925330000000031e+02 1.350910595938815906e+00 1.109501253831150835e+00
2.310000000000000000e+02 1.361759830000000022e+02 1.349737258699906128e+00 1.103371412649763128e+00
2.320000000000000000e+02 1.367604829999999936e+02 1.285053922827241957e+00 1.091111730286988157e+00
2.330000000000000000e+02 1.373494169999999883e+02 1.279287095121111051e+00 1.084981889105600450e+00
2.340000000000000000e+02 1.379378169999999955e+02 1.216575964394699616e+00 1.066592365561437772e+00
2.350000000000000000e+02 1.385277829999999994e+02 1.241915055830729697e+00 1.072722206742825257e+00
2.360000000000000000e+02 1.391138500000000136e+02 1.269925361831937272e+00 1.078852047924212965e+00
2.370000000000000000e+02 1.397035669999999925e+02 1.286402012420883034e+00 1.084981889105600450e+00
2.380000000000000000e+02 1.402943170000000066e+02 1.339801339102329791e+00 1.103371412649763128e+00
2.390000000000000000e+02 1.408845499999999902e+02 1.318531481069327160e+00 1.097241571468375643e+00
2.400000000000000000e+02 1.414742500000000121e+02 1.319530065953505638e+00 1.097241571468375643e+00
2.410000000000000000e+02 1.420639669999999910e+02 1.311266776036928317e+00 1.097241571468375643e+00
2.420000000000000000e+02 1.426547170000000051e+02 1.275817012648590598e+00 1.084981889105600450e+00
2.430000000000000000e+02 1.432452000000000112e+02 1.249679053305217780e+00 1.078852047924212965e+00
2.440000000000000000e+02 1.438349000000000046e+02 1.240891506324446780e+00 1.072722206742825257e+00
2.450000000000000000e+02 1.444220170000000110e+02 1.212631554102194364e+00 1.066592365561437772e+00
2.460000000000000000e+02 1.450093830000000139e+02 1.130223336535361334e+00 1.042073000835887608e+00
2.470000000000000000e+02 1.455972500000000025e+02 1.126104173888125004e+00 1.042073000835887608e+00
2.480000000000000000e+02 1.461861829999999998e+02 1.071556474589872909e+00 1.023683477291724708e+00
2.490000000000000000e+02 1.467753669999999886e+02 9.892980447556667389e-01 9.991641125661744338e-01
2.500000000000000000e+02 1.473656000000000006e+02 8.785050518560592048e-01 9.685149066592365630e-01
2.510000000000000000e+02 1.479529499999999871e+02 8.016639450185215621e-01 9.439955419336862885e-01
2.520000000000000000e+02 1.485398000000000138e+02 7.879833321052757134e-01 9.439955419336862885e-01
2.530000000000000000e+02 1.491261169999999936e+02 8.377128593373663890e-01 9.562552242964614813e-01
2.540000000000000000e+02 1.497158169999999870e+02 7.925268933282880734e-01 9.439955419336862885e-01
2.550000000000000000e+02 1.503010999999999910e+02 7.178577086138386854e-01 9.194761772081360141e-01
2.560000000000000000e+02 1.508913330000000030e+02 6.709991129237612428e-01 9.010866536639733360e-01
2.570000000000000000e+02 1.514820829999999887e+02 6.492299624486693732e-01 8.888269713011981432e-01
2.580000000000000000e+02 1.520725669999999923e+02 6.047929351027249156e-01 8.765672889384230615e-01
2.590000000000000000e+02 1.526646169999999927e+02 5.636262732524651708e-01 8.581777653942602724e-01
2.600000000000000000e+02 1.532540500000000065e+02 5.605805893557206376e-01 8.581777653942602724e-01
2.620000000000000000e+02 1.544358169999999859e+02 4.641921834103883149e-01 8.275285594873224015e-01
2.630000000000000000e+02 1.550265670000000000e+02 4.350584694144797870e-01 8.213987183059348052e-01
2.640000000000000000e+02 1.556173170000000141e+02 4.480151082866961620e-01 8.275285594873224015e-01
2.690000000000000000e+02 1.585645499999999970e+02 4.239492125779936726e-01 8.213987183059348052e-01
2.700000000000000000e+02 1.591547830000000090e+02 4.620452259094045000e-01 8.336584006687099979e-01
2.710000000000000000e+02 1.597450000000000045e+02 5.303733966093201468e-01 8.581777653942602724e-01
2.720000000000000000e+02 1.603339170000000138e+02 5.620285374377794740e-01 8.643076065756478688e-01
2.730000000000000000e+02 1.609223330000000090e+02 5.331694342850200607e-01 8.581777653942602724e-01
2.740000000000000000e+02 1.615099669999999890e+02 4.660146008240141358e-01 8.336584006687099979e-01
2.780000000000000000e+02 1.638633169999999950e+02 1.847132389509230366e-01 7.539704653106715782e-01
2.800000000000000000e+02 1.650403829999999914e+02 1.420237351522910252e-01 7.539704653106715782e-01
2.810000000000000000e+02 1.656290500000000065e+02 1.432969308796186447e-01 7.539704653106715782e-01
3.050000000000000000e+02 1.797666330000000130e+02 2.157692288488752275e-01 7.784898300362218526e-01
3.060000000000000000e+02 1.803552999999999997e+02 2.693183432629487339e-01 7.907495123989969343e-01
3.080000000000000000e+02 1.815334000000000003e+02 4.061993662617203737e-01 8.275285594873224015e-01
3.090000000000000000e+02 1.821220669999999870e+02 4.880084328980461850e-01 8.520479242128726760e-01
3.100000000000000000e+02 1.827109829999999988e+02 5.703167919764612348e-01 8.765672889384230615e-01
3.110000000000000000e+02 1.833009670000000142e+02 6.555210472189940685e-01 9.010866536639733360e-01
3.120000000000000000e+02 1.838903999999999996e+02 6.331028165691862108e-01 8.888269713011981432e-01
3.130000000000000000e+02 1.844785500000000127e+02 5.220851420706383861e-01 8.520479242128726760e-01
3.140000000000000000e+02 1.850669499999999914e+02 7.984684733891502795e-01 9.562552242964614813e-01
3.150000000000000000e+02 1.856571830000000034e+02 9.015224334363742820e-01 9.930342713847869485e-01
3.160000000000000000e+02 1.862476670000000070e+02 8.991757589585547272e-01 9.930342713847869485e-01
3.170000000000000000e+02 1.868290330000000097e+02 7.402010453973332238e-01 9.317358595709112068e-01
3.180000000000000000e+02 1.874161499999999876e+02 6.813843957192179390e-01 9.072164948453609323e-01
3.190000000000000000e+02 1.879962329999999895e+02 6.991342420354912379e-01 9.133463360267484177e-01
3.200000000000000000e+02 1.885864669999999990e+02 6.253388190946981284e-01 8.888269713011981432e-01
3.210000000000000000e+02 1.891759169999999983e+02 6.495545025360274227e-01 9.010866536639733360e-01
3.220000000000000000e+02 1.897661500000000103e+02 6.587914127146787813e-01 9.072164948453609323e-01
3.230000000000000000e+02 1.903561170000000118e+02 5.510441037118156693e-01 8.704374477570354651e-01
3.250000000000000000e+02 1.915352670000000046e+02 1.499375203594058292e-01 7.478406241292839818e-01
3.260000000000000000e+02 1.921239329999999939e+02 1.656153030410087157e-01 7.478406241292839818e-01
3.290000000000000000e+02 1.938912329999999997e+02 6.842053980170222927e-01 9.072164948453609323e-01
3.300000000000000000e+02 1.944786000000000001e+02 7.812928133812796494e-01 9.439955419336862885e-01
3.310000000000000000e+02 1.950677670000000035e+02 5.576097993252895346e-01 8.643076065756478688e-01
3.320000000000000000e+02 1.956538329999999917e+02 4.390528089511939180e-01 8.336584006687099979e-01
3.330000000000000000e+02 1.962432829999999910e+02 5.793539851782769645e-01 8.765672889384230615e-01
3.340000000000000000e+02 1.968303830000000119e+02 5.591076766515573615e-01 8.643076065756478688e-01
3.350000000000000000e+02 1.974188000000000045e+02 7.248727674251927988e-01 9.256060183895236104e-01
3.360000000000000000e+02 1.980092830000000106e+02 6.844300796159624722e-01 9.072164948453609323e-01
3.370000000000000000e+02 1.985987169999999935e+02 6.584419080052162920e-01 8.949568124825857396e-01
3.380000000000000000e+02 1.991873999999999967e+02 7.204540293127028594e-01 9.133463360267484177e-01
3.390000000000000000e+02 1.997776169999999922e+02 6.863523555180061075e-01 8.949568124825857396e-01
3.400000000000000000e+02 2.003683829999999944e+02 6.417655404394349006e-01 8.704374477570354651e-01
3.410000000000000000e+02 2.009562500000000114e+02 5.896394094853157908e-01 8.520479242128726760e-01
3.420000000000000000e+02 2.015459669999999903e+02 5.536404244106798433e-01 8.336584006687099979e-01
3.430000000000000000e+02 2.021359329999999943e+02 4.929514280747299138e-01 8.091390359431597235e-01
3.440000000000000000e+02 2.027248669999999890e+02 5.755343979962941336e-01 8.213987183059348052e-01
3.450000000000000000e+02 2.033143000000000029e+02 6.131311188856156669e-01 8.275285594873224015e-01
3.460000000000000000e+02 2.039045500000000004e+02 4.991426543566367391e-01 7.723599888548342562e-01
3.470000000000000000e+02 2.044944999999999879e+02 3.847547558739864981e-01 7.110615770409585146e-01
3.480000000000000000e+02 2.050813499999999863e+02 3.334025282051057415e-01 6.742825299526330474e-01
3.490000000000000000e+02 2.056705330000000060e+02 2.020137220693160318e-01 5.823349122318194349e-01
3.500000000000000000e+02 2.062612829999999917e+02 2.083048068396407548e-01 6.620228475898579656e-01
3.510000000000000000e+02 2.068517830000000117e+02 2.051592644544783794e-01 6.558930064084703693e-01
3.520000000000000000e+02 2.074414999999999907e+02 2.303984974020906740e-01 6.620228475898579656e-01
3.530000000000000000e+02 2.080314669999999921e+02 1.967212221831698415e-01 6.558930064084703693e-01
3.540000000000000000e+02 2.086201330000000098e+02 2.165431321341136084e-01 6.620228475898579656e-01
3.550000000000000000e+02 2.092101000000000113e+02 2.192393113213956246e-01 6.620228475898579656e-01
3.560000000000000000e+02 2.097998169999999902e+02 2.640008787546980762e-01 6.926720534967958365e-01
3.570000000000000000e+02 2.103897829999999942e+02 2.153697948952038310e-01 6.620228475898579656e-01
3.580000000000000000e+02 2.109792329999999936e+02 2.185403019024706461e-01 6.620228475898579656e-01
3.590000000000000000e+02 2.115702499999999873e+02 2.149204316973234996e-01 6.620228475898579656e-01
3.600000000000000000e+02 2.121586499999999944e+02 2.149204316973234996e-01 6.620228475898579656e-01
3.610000000000000000e+02 2.127488669999999900e+02 2.207371886476634237e-01 6.620228475898579656e-01
3.620000000000000000e+02 2.133393829999999980e+02 2.322209148157164671e-01 6.620228475898579656e-01
3.630000000000000000e+02 2.139288329999999974e+02 2.230089692591695760e-01 6.620228475898579656e-01
3.640000000000000000e+02 2.145177669999999921e+02 2.435548532511427611e-01 6.681526887712455620e-01
3.650000000000000000e+02 2.151061829999999873e+02 2.351667402240431304e-01 6.681526887712455620e-01
3.660000000000000000e+02 2.156891329999999982e+02 2.197136391413804235e-01 6.620228475898579656e-01
3.670000000000000000e+02 2.162715499999999906e+02 2.160188750699198745e-01 6.620228475898579656e-01
3.680000000000000000e+02 2.168545000000000016e+02 1.656901969073221181e-01 6.558930064084703693e-01
3.690000000000000000e+02 2.174361330000000123e+02 1.082466014449523367e-01 6.742825299526330474e-01
3.700000000000000000e+02 2.180180330000000026e+02 1.075475920260273721e-01 6.865422123154082401e-01
3.710000000000000000e+02 2.186056499999999971e+02 1.632686285631891887e-01 6.742825299526330474e-01
3.720000000000000000e+02 2.191878169999999955e+02 8.597815852777118684e-02 7.110615770409585146e-01
3.750000000000000000e+02 2.209569669999999917e+02 8.877419620347105911e-02 7.110615770409585146e-01
3.760000000000000000e+02 2.215469329999999957e+02 5.931594212020450951e-02 7.233212594037337073e-01
