5.600000000000000000e+01 2.248924999999999841e+01 9.224822938393740790e-01 4.156176625940247692e-03
5.800000000000000000e+01 2.375781699999999930e+01 9.566493042837920235e-01 4.183164785848950649e-03
5.900000000000000000e+01 2.433699999999999974e+01 9.863632683432739245e-01 4.237141105666356565e-03
6.000000000000000000e+01 2.491603299999999876e+01 9.863902565031825720e-01 4.210152945757653607e-03
6.300000000000000000e+01 2.665516699999999872e+01 1.020017503749426346e+00 4.264129265575059523e-03
6.400000000000000000e+01 2.723636700000000133e+01 1.028032987242311069e+00 4.264129265575059523e-03
6.500000000000000000e+01 2.781933300000000031e+01 1.027520212204045880e+00 4.264129265575059523e-03
6.700000000000000000e+01 2.898211699999999880e+01 1.041635019836297360e+00 4.291117425483762481e-03
6.800000000000000000e+01 2.956663299999999950e+01 1.045332397743789832e+00 4.291117425483762481e-03
6.900000000000000000e+01 3.015008299999999863e+01 1.033457607383960530e+00 4.291117425483762481e-03
7.000000000000000000e+01 3.073250000000000171e+01 1.034914968019030379e+00 4.291117425483762481e-03
7.200000000000000000e+01 3.189841699999999847e+01 1.029949146595829035e+00 4.264129265575059523e-03
7.300000000000000000e+01 3.248743300000000289e+01 1.016536031121203720e+00 4.264129265575059523e-03
7.400000000000000000e+01 3.307646700000000095e+01 9.870109841810827955e-01 4.210152945757653607e-03
7.500000000000000000e+01 3.366470000000000340e+01 9.821261272376075047e-01 4.210152945757653607e-03
7.600000000000000000e+01 3.425365000000000038e+01 9.866871262621783600e-01 4.210152945757653607e-03
7.700000000000000000e+01 3.484315000000000140e+01 1.005956672436992161e+00 4.237141105666356565e-03
8.100000000000000000e+01 3.719888300000000214e+01 1.028140939881945881e+00 4.264129265575059523e-03
8.200000000000000000e+01 3.778405000000000058e+01 1.029841193956194223e+00 4.291117425483762481e-03
8.300000000000000000e+01 3.836594999999999800e+01 1.034807015379395567e+00 4.291117425483762481e-03
8.400000000000000000e+01 3.895593300000000170e+01 1.015861327123486202e+00 4.237141105666356565e-03
8.500000000000000000e+01 3.954203300000000354e+01 1.008925370026949597e+00 4.237141105666356565e-03
8.600000000000000000e+01 4.012601699999999738e+01 1.017642545677460486e+00 4.264129265575059523e-03
8.700000000000000000e+01 4.070743300000000175e+01 1.032944832345695119e+00 4.264129265575059523e-03
8.900000000000000000e+01 4.188136699999999735e+01 1.034753039059578272e+00 4.291117425483762481e-03
9.000000000000000000e+01 4.246951700000000329e+01 1.039125120964788040e+00 4.291117425483762481e-03
9.100000000000000000e+01 4.305766700000000213e+01 1.032513021787155871e+00 4.264129265575059523e-03
9.200000000000000000e+01 4.364216700000000060e+01 1.043929013428537278e+00 4.291117425483762481e-03
9.300000000000000000e+01 4.423238299999999867e+01 1.036696186573004885e+00 4.264129265575059523e-03
9.400000000000000000e+01 4.482209999999999894e+01 1.048274107173838399e+00 4.291117425483762481e-03
9.500000000000000000e+01 4.541181699999999921e+01 1.036156423374830826e+00 4.264129265575059523e-03
9.700000000000000000e+01 4.659148299999999665e+01 1.051917508761513353e+00 4.291117425483762481e-03
9.800000000000000000e+01 4.717414999999999736e+01 1.041554055356571418e+00 4.291117425483762481e-03
9.900000000000000000e+01 4.775996700000000317e+01 1.029274442598111516e+00 4.264129265575059523e-03
1.000000000000000000e+02 4.835098299999999938e+01 1.036399316814009097e+00 4.291117425483762481e-03
1.010000000000000000e+02 4.894198300000000046e+01 1.037748724809444134e+00 4.318105585392465438e-03
1.030000000000000000e+02 5.012113300000000038e+01 1.033970382422225720e+00 4.345093745301168396e-03
1.040000000000000000e+02 5.070981700000000103e+01 1.038936203845427064e+00 4.318105585392465438e-03
1.060000000000000000e+02 5.188949999999999818e+01 9.606165637903713028e-01 4.237141105666356565e-03
1.070000000000000000e+02 5.247868299999999664e+01 1.041581043516480065e+00 4.318105585392465438e-03
1.090000000000000000e+02 5.365261699999999934e+01 1.038234511687800898e+00 4.318105585392465438e-03
1.100000000000000000e+02 5.424101699999999937e+01 1.025145254132080019e+00 4.318105585392465438e-03
1.120000000000000000e+02 5.540481700000000131e+01 9.467446495972979825e-01 4.210152945757653607e-03
1.130000000000000000e+02 5.599296700000000016e+01 1.019450752391343640e+00 4.291117425483762481e-03
1.140000000000000000e+02 5.658266700000000071e+01 9.905194449692141800e-01 4.264129265575059523e-03
1.150000000000000000e+02 5.717158299999999826e+01 9.802909323638157035e-01 4.237141105666356565e-03
1.170000000000000000e+02 5.834943299999999766e+01 1.006145589556353137e+00 4.264129265575059523e-03
1.180000000000000000e+02 5.893809999999999860e+01 1.003149903806487053e+00 4.264129265575059523e-03
1.190000000000000000e+02 5.952573300000000245e+01 1.024065727735731901e+00 4.291117425483762481e-03
1.200000000000000000e+02 6.014901700000000062e+01 1.017264711438738756e+00 4.291117425483762481e-03
1.210000000000000000e+02 6.072829999999999728e+01 1.022770296060114159e+00 4.291117425483762481e-03
1.220000000000000000e+02 6.130760000000000076e+01 9.959710532707721775e-01 4.264129265575059523e-03
1.250000000000000000e+02 6.307019999999999982e+01 9.220234951209261842e-01 4.183164785848950649e-03
1.260000000000000000e+02 6.365236699999999814e+01 9.039954043019126084e-01 4.156176625940247692e-03
1.450000000000000000e+02 7.487631700000000023e+01 9.663650418509250883e-01 4.210152945757653607e-03
1.460000000000000000e+02 7.545534999999999570e+01 9.702513368777782032e-01 4.210152945757653607e-03
1.470000000000000000e+02 7.608774999999999977e+01 9.594560729142971311e-01 4.210152945757653607e-03
1.490000000000000000e+02 7.735438299999999856e+01 9.833405944334991933e-01 4.237141105666356565e-03
1.500000000000000000e+02 7.793341700000000571e+01 9.863092920234565186e-01 4.210152945757653607e-03
1.510000000000000000e+02 7.857051699999999528e+01 9.985079403021901445e-01 4.237141105666356565e-03
1.540000000000000000e+02 8.032661699999999882e+01 1.035346778577569626e+00 4.264129265575059523e-03
1.550000000000000000e+02 8.091528300000000229e+01 1.035751600976200226e+00 4.291117425483762481e-03
1.580000000000000000e+02 8.267763300000000015e+01 1.031514459870533917e+00 4.264129265575059523e-03
1.590000000000000000e+02 8.326708299999999952e+01 9.679033669657211014e-01 4.183164785848950649e-03
1.760000000000000000e+02 9.325329999999999586e+01 8.105354065380744322e-01 4.021235826396732903e-03
1.800000000000000000e+02 9.560795000000000243e+01 1.027466235884228363e+00 4.237141105666356565e-03
1.810000000000000000e+02 9.619844999999999402e+01 1.033700500823138801e+00 4.264129265575059523e-03
1.820000000000000000e+02 9.678893300000000011e+01 1.045332397743789832e+00 4.264129265575059523e-03
1.860000000000000000e+02 9.915089999999999293e+01 1.032863867865968954e+00 4.237141105666356565e-03
1.870000000000000000e+02 9.974191700000000083e+01 1.028005999082402422e+00 4.237141105666356565e-03
1.880000000000000000e+02 1.003316329999999965e+02 1.029139501798568057e+00 4.237141105666356565e-03
1.900000000000000000e+02 1.015115669999999994e+02 9.949185150343327066e-01 4.183164785848950649e-03
1.930000000000000000e+02 1.032762830000000065e+02 9.014045409506771245e-01 4.102200306122841776e-03
1.940000000000000000e+02 1.038589499999999930e+02 9.260177427874142220e-01 4.129188466031544734e-03
1.970000000000000000e+02 1.056077829999999977e+02 1.009708026664301928e+00 4.237141105666356565e-03
1.990000000000000000e+02 1.067866829999999965e+02 1.035076896978482708e+00 4.264129265575059523e-03
2.010000000000000000e+02 1.079569670000000059e+02 1.058475631619328006e+00 4.291117425483762481e-03
2.020000000000000000e+02 1.085464170000000053e+02 1.054481383952839968e+00 4.264129265575059523e-03
2.030000000000000000e+02 1.091366500000000030e+02 1.059501181695858829e+00 4.291117425483762481e-03
2.050000000000000000e+02 1.103080000000000069e+02 1.054346443153296509e+00 4.264129265575059523e-03
2.060000000000000000e+02 1.108977000000000004e+02 1.047221568937398928e+00 4.264129265575059523e-03
2.080000000000000000e+02 1.120674829999999957e+02 1.046169030700959457e+00 4.264129265575059523e-03
2.100000000000000000e+02 1.132380500000000012e+02 1.043659131829450137e+00 4.264129265575059523e-03
2.120000000000000000e+02 1.144086170000000067e+02 1.029571312357107304e+00 4.237141105666356565e-03
2.130000000000000000e+02 1.149964829999999978e+02 1.029409383397654976e+00 4.237141105666356565e-03
2.140000000000000000e+02 1.155872329999999977e+02 1.016536031121203720e+00 4.210152945757653607e-03
2.160000000000000000e+02 1.167622170000000068e+02 1.005524861878452914e+00 4.210152945757653607e-03
2.170000000000000000e+02 1.173508999999999958e+02 1.008709464747679974e+00 4.210152945757653607e-03
2.180000000000000000e+02 1.179421669999999978e+02 1.011300328098915458e+00 4.210152945757653607e-03
2.190000000000000000e+02 1.185300670000000025e+02 1.027142377965323927e+00 4.237141105666356565e-03
2.200000000000000000e+02 1.191187330000000060e+02 1.018344237835086874e+00 4.210152945757653607e-03
2.210000000000000000e+02 1.197084329999999994e+02 9.964028638293114248e-01 4.183164785848950649e-03
2.220000000000000000e+02 1.202981330000000071e+02 9.819911864380640454e-01 4.183164785848950649e-03
2.240000000000000000e+02 1.214715499999999935e+02 9.902495633701271505e-01 4.183164785848950649e-03
2.270000000000000000e+02 1.232386000000000053e+02 6.215643108573366549e-01 3.535448948040080964e-03
2.290000000000000000e+02 1.244167000000000058e+02 1.008034760749962233e+00 4.210152945757653607e-03
2.310000000000000000e+02 1.255875170000000054e+02 1.004823169720826748e+00 4.183164785848950649e-03
2.320000000000000000e+02 1.261720169999999968e+02 9.647187640964941524e-01 4.156176625940247692e-03
2.350000000000000000e+02 1.279393170000000026e+02 9.392419411426785603e-01 4.129188466031544734e-03
2.380000000000000000e+02 1.297058499999999981e+02 1.003338820925848029e+00 4.210152945757653607e-03
2.420000000000000000e+02 1.320662499999999966e+02 9.618580191461716389e-01 4.129188466031544734e-03
2.430000000000000000e+02 1.326567330000000027e+02 9.395118227417655898e-01 4.129188466031544734e-03
2.440000000000000000e+02 1.332464329999999961e+02 9.367860185909866466e-01 4.129188466031544734e-03
2.460000000000000000e+02 1.344209170000000029e+02 8.555516572657908547e-01 4.021235826396732903e-03
3.570000000000000000e+02 1.998013170000000116e+02 7.781766028075396413e-01 3.967259506579327855e-03
