5.600000000000000000e+01 2.248924999999999841e+01 7.363766205229619333e-01 1.595803120193363955e-01
5.800000000000000000e+01 2.375781699999999930e+01 7.959789057350031838e-01 1.557350032959788910e-01
5.900000000000000000e+01 2.433699999999999974e+01 8.363546473302569950e-01 1.557350032959788910e-01
6.000000000000000000e+01 2.491603299999999876e+01 1.061305207646670912e+00 1.557350032959788910e-01
6.300000000000000000e+01 2.665516699999999872e+01 9.632498352010546716e-01 1.538123489343001526e-01
6.400000000000000000e+01 2.723636700000000133e+01 7.786750164798944551e-01 1.518896945726213865e-01
6.500000000000000000e+01 2.781933300000000031e+01 8.517358822236870131e-01 1.518896945726213865e-01
6.700000000000000000e+01 2.898211699999999880e+01 8.555811909470445453e-01 1.518896945726213865e-01
6.800000000000000000e+01 2.956663299999999950e+01 8.978795869039770672e-01 1.518896945726213865e-01
6.900000000000000000e+01 3.015008299999999863e+01 1.167051197539002327e+00 1.538123489343001526e-01
7.000000000000000000e+01 3.073250000000000171e+01 1.063227862008349733e+00 1.538123489343001526e-01
7.200000000000000000e+01 3.189841699999999847e+01 9.901669962645571754e-01 1.518896945726213865e-01
7.300000000000000000e+01 3.248743300000000289e+01 8.132827949901120235e-01 1.538123489343001526e-01
7.400000000000000000e+01 3.307646700000000095e+01 1.007470885519665904e+00 1.557350032959788910e-01
7.500000000000000000e+01 3.366470000000000340e+01 8.786530432871895169e-01 1.557350032959788910e-01
7.600000000000000000e+01 3.425365000000000038e+01 8.478905735003294808e-01 1.557350032959788910e-01
7.700000000000000000e+01 3.484315000000000140e+01 9.709404526477696251e-01 1.538123489343001526e-01
8.100000000000000000e+01 3.719888300000000214e+01 9.401779828609095890e-01 1.538123489343001526e-01
8.200000000000000000e+01 3.778405000000000058e+01 9.324873654141946355e-01 1.538123489343001526e-01
8.300000000000000000e+01 3.836594999999999800e+01 6.729290265875631505e-01 1.518896945726213865e-01
8.400000000000000000e+01 3.895593300000000170e+01 8.901889694572621137e-01 1.518896945726213865e-01
8.500000000000000000e+01 3.954203300000000354e+01 1.068995825093385976e+00 1.538123489343001526e-01
8.600000000000000000e+01 4.012601699999999738e+01 8.844210063722257598e-01 1.538123489343001526e-01
8.700000000000000000e+01 4.070743300000000175e+01 1.051691935838277248e+00 1.538123489343001526e-01
8.900000000000000000e+01 4.188136699999999735e+01 9.574818721160184287e-01 1.538123489343001526e-01
9.000000000000000000e+01 4.246951700000000329e+01 1.261261261261261257e+00 1.538123489343001526e-01
9.100000000000000000e+01 4.305766700000000213e+01 9.247967479674795710e-01 1.518896945726213865e-01
9.200000000000000000e+01 4.364216700000000060e+01 6.844649527576356363e-01 1.518896945726213865e-01
9.300000000000000000e+01 4.423238299999999867e+01 8.594264996704020776e-01 1.518896945726213865e-01
9.400000000000000000e+01 4.482209999999999894e+01 9.421006372225884107e-01 1.499670402109426481e-01
9.500000000000000000e+01 4.541181699999999921e+01 1.026697429136453454e+00 1.518896945726213865e-01
9.700000000000000000e+01 4.659148299999999665e+01 1.057459898923313490e+00 1.518896945726213865e-01
9.800000000000000000e+01 4.717414999999999736e+01 8.690397714787958527e-01 1.499670402109426481e-01
9.900000000000000000e+01 4.775996700000000317e+01 6.979235332893869437e-01 1.499670402109426481e-01
1.000000000000000000e+02 4.835098299999999938e+01 1.026697429136453454e+00 1.538123489343001526e-01
1.010000000000000000e+02 4.894198300000000046e+01 9.497912546693033642e-01 1.576576576576576572e-01
1.030000000000000000e+02 5.012113300000000038e+01 8.459679191386507702e-01 1.615029663810151617e-01
1.040000000000000000e+02 5.070981700000000103e+01 1.090145023071852348e+00 1.576576576576576572e-01
1.060000000000000000e+02 5.188949999999999818e+01 9.497912546693033642e-01 1.634256207426939000e-01
1.070000000000000000e+02 5.247868299999999664e+01 9.920896506262358860e-01 1.576576576576576572e-01
1.090000000000000000e+02 5.365261699999999934e+01 9.670951439244120929e-01 1.576576576576576572e-01
1.100000000000000000e+02 5.424101699999999937e+01 1.042078664029883361e+00 1.595803120193363955e-01
1.120000000000000000e+02 5.540481700000000131e+01 1.113216875411997320e+00 1.615029663810151617e-01
1.130000000000000000e+02 5.599296700000000016e+01 7.882882882882882303e-01 1.557350032959788910e-01
1.140000000000000000e+02 5.658266700000000071e+01 9.324873654141946355e-01 1.576576576576576572e-01
1.150000000000000000e+02 5.717158299999999826e+01 7.748297077565369229e-01 1.576576576576576572e-01
1.170000000000000000e+02 5.834943299999999766e+01 8.863436607339045814e-01 1.576576576576576572e-01
1.180000000000000000e+02 5.893809999999999860e+01 8.075148319050757806e-01 1.576576576576576572e-01
1.190000000000000000e+02 5.952573300000000245e+01 1.093990331795209769e+00 1.576576576576576572e-01
1.200000000000000000e+02 6.014901700000000062e+01 1.020929466051417212e+00 1.576576576576576572e-01
1.210000000000000000e+02 6.072829999999999728e+01 9.767084157328058680e-01 1.576576576576576572e-01
1.220000000000000000e+02 6.130760000000000076e+01 1.072841133816743397e+00 1.595803120193363955e-01
1.250000000000000000e+02 6.307019999999999982e+01 1.047846627114919604e+00 1.634256207426939000e-01
1.260000000000000000e+02 6.365236699999999814e+01 8.844210063722257598e-01 1.634256207426939000e-01
1.450000000000000000e+02 7.487631700000000023e+01 1.063227862008349733e+00 1.595803120193363955e-01
1.460000000000000000e+02 7.545534999999999570e+01 8.190507580751482664e-01 1.557350032959788910e-01
1.470000000000000000e+02 7.608774999999999977e+01 7.671390903098219693e-01 1.576576576576576572e-01
1.490000000000000000e+02 7.735438299999999856e+01 1.024774774774774633e+00 1.557350032959788910e-01
1.500000000000000000e+02 7.793341700000000571e+01 1.105526257965282255e+00 1.557350032959788910e-01
1.510000000000000000e+02 7.857051699999999528e+01 1.080531751263458462e+00 1.557350032959788910e-01
1.540000000000000000e+02 8.032661699999999882e+01 1.286255767963084828e+00 1.538123489343001526e-01
1.550000000000000000e+02 8.091528300000000229e+01 1.028620083498132276e+00 1.538123489343001526e-01
1.580000000000000000e+02 8.267763300000000015e+01 1.167051197539002327e+00 1.518896945726213865e-01
1.590000000000000000e+02 8.326708299999999952e+01 9.843990331795209325e-01 1.538123489343001526e-01
1.760000000000000000e+02 9.325329999999999586e+01 1.088222368710173527e+00 1.653482751043726384e-01
1.800000000000000000e+02 9.560795000000000243e+01 1.019006811689738390e+00 1.499670402109426481e-01
1.810000000000000000e+02 9.619844999999999402e+01 1.051691935838277248e+00 1.499670402109426481e-01
1.820000000000000000e+02 9.678893300000000011e+01 7.575258185014281942e-01 1.480443858492638820e-01
1.860000000000000000e+02 9.915089999999999293e+01 7.805976708415731657e-01 1.480443858492638820e-01
1.870000000000000000e+02 9.974191700000000083e+01 8.824983520105470491e-01 1.480443858492638820e-01
1.880000000000000000e+02 1.003316329999999965e+02 9.920896506262358860e-01 1.480443858492638820e-01
1.900000000000000000e+02 1.015115669999999994e+02 8.382773016919358167e-01 1.499670402109426481e-01
1.930000000000000000e+02 1.032762830000000065e+02 8.017468688200395377e-01 1.557350032959788910e-01
1.940000000000000000e+02 1.038589499999999930e+02 7.690617446715006800e-01 1.538123489343001526e-01
1.970000000000000000e+02 1.056077829999999977e+02 1.020929466051417212e+00 1.518896945726213865e-01
1.990000000000000000e+02 1.067866829999999965e+02 1.047846627114919604e+00 1.499670402109426481e-01
2.010000000000000000e+02 1.079569670000000059e+02 9.536365633926608965e-01 1.499670402109426481e-01
2.020000000000000000e+02 1.085464170000000053e+02 9.344100197758733461e-01 1.480443858492638820e-01
2.030000000000000000e+02 1.091366500000000030e+02 9.863216875411996432e-01 1.480443858492638820e-01
2.050000000000000000e+02 1.103080000000000069e+02 1.207426939134256028e+00 1.480443858492638820e-01
2.060000000000000000e+02 1.108977000000000004e+02 7.498352010547132407e-01 1.461217314875851436e-01
2.080000000000000000e+02 1.120674829999999957e+02 1.220885519666007335e+00 1.480443858492638820e-01
2.100000000000000000e+02 1.132380500000000012e+02 1.053614590199956069e+00 1.461217314875851436e-01
2.120000000000000000e+02 1.144086170000000067e+02 1.036310700944847119e+00 1.480443858492638820e-01
2.130000000000000000e+02 1.149964829999999978e+02 1.082454405625137284e+00 1.480443858492638820e-01
2.140000000000000000e+02 1.155872329999999977e+02 1.051691935838277248e+00 1.480443858492638820e-01
2.160000000000000000e+02 1.167622170000000068e+02 1.061305207646670912e+00 1.480443858492638820e-01
2.170000000000000000e+02 1.173508999999999958e+02 1.080531751263458462e+00 1.480443858492638820e-01
2.180000000000000000e+02 1.179421669999999978e+02 8.421226104152932379e-01 1.480443858492638820e-01
2.190000000000000000e+02 1.185300670000000025e+02 1.128598110305427227e+00 1.480443858492638820e-01
2.200000000000000000e+02 1.191187330000000060e+02 1.149747308283893599e+00 1.499670402109426481e-01
2.210000000000000000e+02 1.197084329999999994e+02 1.059382553284992312e+00 1.499670402109426481e-01
2.220000000000000000e+02 1.202981330000000071e+02 1.249725335091188549e+00 1.499670402109426481e-01
2.240000000000000000e+02 1.214715499999999935e+02 7.979015600966820054e-01 1.480443858492638820e-01
2.270000000000000000e+02 1.232386000000000053e+02 5.521863326741375033e+00 1.634256207426939000e-01
2.290000000000000000e+02 1.244167000000000058e+02 9.728631070094484468e-01 1.480443858492638820e-01
2.310000000000000000e+02 1.255875170000000054e+02 9.940123049879147077e-01 1.480443858492638820e-01
2.320000000000000000e+02 1.261720169999999968e+02 9.709404526477696251e-01 1.518896945726213865e-01
2.350000000000000000e+02 1.279393170000000026e+02 9.940123049879147077e-01 1.518896945726213865e-01
2.380000000000000000e+02 1.297058499999999981e+02 8.421226104152932379e-01 1.480443858492638820e-01
2.420000000000000000e+02 1.320662499999999966e+02 8.325093386068994628e-01 1.499670402109426481e-01
2.430000000000000000e+02 1.326567330000000027e+02 7.209953856295319152e-01 1.518896945726213865e-01
2.440000000000000000e+02 1.332464329999999961e+02 7.306086574379256904e-01 1.518896945726213865e-01
2.460000000000000000e+02 1.344209170000000029e+02 9.747857613711271574e-01 1.557350032959788910e-01
3.570000000000000000e+02 1.998013170000000116e+02 9.228740936058008604e-01 1.672709294660514046e-01
