5.600000000000000000e+01 2.248924999999999841e+01 9.181640362156548996e-01 4.615319307539529105e-03
5.800000000000000000e+01 2.375781699999999930e+01 9.673835715707168603e-01 4.646931083618566910e-03
5.900000000000000000e+01 2.433699999999999974e+01 9.777522341246412951e-01 4.646931083618566910e-03
6.000000000000000000e+01 2.491603299999999876e+01 9.794908818089884672e-01 4.646931083618566910e-03
6.300000000000000000e+01 2.665516699999999872e+01 1.003831949389847544e+00 4.678542859697604715e-03
6.400000000000000000e+01 2.723636700000000133e+01 1.027066604807940431e+00 4.710154635776642520e-03
6.500000000000000000e+01 2.781933300000000031e+01 1.033578630680222155e+00 4.741766411855680326e-03
6.700000000000000000e+01 2.898211699999999880e+01 1.038004279331287583e+00 4.741766411855680326e-03
6.800000000000000000e+01 2.956663299999999950e+01 1.024632498049854457e+00 4.710154635776642520e-03
6.900000000000000000e+01 3.015008299999999863e+01 1.042429927982352789e+00 4.741766411855680326e-03
7.000000000000000000e+01 3.073250000000000171e+01 1.043062163503933659e+00 4.741766411855680326e-03
7.200000000000000000e+01 3.189841699999999847e+01 1.027825287433837387e+00 4.710154635776642520e-03
7.300000000000000000e+01 3.248743300000000289e+01 1.024000262528273808e+00 4.710154635776642520e-03
7.400000000000000000e+01 3.307646700000000095e+01 9.992798536344661420e-01 4.678542859697604715e-03
7.500000000000000000e+01 3.366470000000000340e+01 9.865086960985348652e-01 4.678542859697604715e-03
7.600000000000000000e+01 3.425365000000000038e+01 9.856235663683217130e-01 4.678542859697604715e-03
7.700000000000000000e+01 3.484315000000000140e+01 1.005855103058906019e+00 4.678542859697604715e-03
8.100000000000000000e+01 3.719888300000000214e+01 1.033041230486878570e+00 4.741766411855680326e-03
8.200000000000000000e+01 3.778405000000000058e+01 1.026560816390675868e+00 4.710154635776642520e-03
8.300000000000000000e+01 3.836594999999999800e+01 1.026845322375387060e+00 4.710154635776642520e-03
8.400000000000000000e+01 3.895593300000000170e+01 1.030512288400555532e+00 4.710154635776642520e-03
8.500000000000000000e+01 3.954203300000000354e+01 1.021755826426661962e+00 4.710154635776642520e-03
8.600000000000000000e+01 4.012601699999999738e+01 1.039268750374449102e+00 4.741766411855680326e-03
8.700000000000000000e+01 4.070743300000000175e+01 1.024000262528273808e+00 4.710154635776642520e-03
8.900000000000000000e+01 4.188136699999999735e+01 1.019479778548971316e+00 4.710154635776642520e-03
9.000000000000000000e+01 4.246951700000000329e+01 1.034210866201803025e+00 4.741766411855680326e-03
9.100000000000000000e+01 4.305766700000000213e+01 1.036550137631651713e+00 4.741766411855680326e-03
9.200000000000000000e+01 4.364216700000000060e+01 1.034400536858277153e+00 4.710154635776642520e-03
9.300000000000000000e+01 4.423238299999999867e+01 1.050301260226033317e+00 4.741766411855680326e-03
9.400000000000000000e+01 4.482209999999999894e+01 1.041924139565088225e+00 4.710154635776642520e-03
9.500000000000000000e+01 4.541181699999999921e+01 1.037024314272837255e+00 4.710154635776642520e-03
9.700000000000000000e+01 4.659148299999999665e+01 1.050364483778191360e+00 4.741766411855680326e-03
9.800000000000000000e+01 4.717414999999999736e+01 1.053146320073146569e+00 4.741766411855680326e-03
9.900000000000000000e+01 4.775996700000000317e+01 1.046413011768311696e+00 4.741766411855680326e-03
1.000000000000000000e+02 4.835098299999999938e+01 1.049985142465242882e+00 4.741766411855680326e-03
1.010000000000000000e+02 4.894198300000000046e+01 1.042777657519222245e+00 4.804989964013755936e-03
1.030000000000000000e+02 5.012113300000000038e+01 1.048499388989527992e+00 4.836601740092794609e-03
1.040000000000000000e+02 5.070981700000000103e+01 1.045843999798888868e+00 4.804989964013755936e-03
1.060000000000000000e+02 5.188949999999999818e+01 9.581529329556378594e-01 4.710154635776642520e-03
1.070000000000000000e+02 5.247868299999999664e+01 1.052197966790775485e+00 4.804989964013755936e-03
1.090000000000000000e+02 5.365261699999999934e+01 1.049131624511108862e+00 4.804989964013755936e-03
1.100000000000000000e+02 5.424101699999999937e+01 1.038921020837579645e+00 4.773378187934718131e-03
1.120000000000000000e+02 5.540481700000000131e+01 9.460456227173663635e-01 4.678542859697604715e-03
1.130000000000000000e+02 5.599296700000000016e+01 1.026655651718912932e+00 4.741766411855680326e-03
1.140000000000000000e+02 5.658266700000000071e+01 1.012461964259424807e+00 4.741766411855680326e-03
1.150000000000000000e+02 5.717158299999999826e+01 9.971302528610915816e-01 4.710154635776642520e-03
1.170000000000000000e+02 5.834943299999999766e+01 1.013726435302586326e+00 4.741766411855680326e-03
1.180000000000000000e+02 5.893809999999999860e+01 9.996275831713354876e-01 4.710154635776642520e-03
1.190000000000000000e+02 5.952573300000000245e+01 1.028552358283655099e+00 4.773378187934718131e-03
1.200000000000000000e+02 6.014901700000000062e+01 1.016571495149699800e+00 4.741766411855680326e-03
1.210000000000000000e+02 6.072829999999999728e+01 1.027698840329521079e+00 4.741766411855680326e-03
1.220000000000000000e+02 6.130760000000000076e+01 9.935897339402393058e-01 4.710154635776642520e-03
1.250000000000000000e+02 6.307019999999999982e+01 9.238857676859607571e-01 4.646931083618566910e-03
1.260000000000000000e+02 6.365236699999999814e+01 9.057089964405140581e-01 4.615319307539529105e-03
1.450000000000000000e+02 7.487631700000000023e+01 9.678261364358234919e-01 4.678542859697604715e-03
1.460000000000000000e+02 7.545534999999999570e+01 9.854971192640056277e-01 4.678542859697604715e-03
1.470000000000000000e+02 7.608774999999999977e+01 9.650443001408680610e-01 4.646931083618566910e-03
1.490000000000000000e+02 7.735438299999999856e+01 9.716195495653079384e-01 4.646931083618566910e-03
1.500000000000000000e+02 7.793341700000000571e+01 9.929258866425795249e-01 4.678542859697604715e-03
1.510000000000000000e+02 7.857051699999999528e+01 9.956444993853768022e-01 4.678542859697604715e-03
1.540000000000000000e+02 8.032661699999999882e+01 1.040122268328583122e+00 4.741766411855680326e-03
1.550000000000000000e+02 8.091528300000000229e+01 1.035949513886150086e+00 4.741766411855680326e-03
1.580000000000000000e+02 8.267763300000000015e+01 1.048594224317765278e+00 4.741766411855680326e-03
1.590000000000000000e+02 8.326708299999999952e+01 9.713350435805966354e-01 4.646931083618566910e-03
1.760000000000000000e+02 9.325329999999999586e+01 7.968380396243075481e-01 4.425648651065302273e-03
1.800000000000000000e+02 9.560795000000000243e+01 1.021629379322345876e+00 4.678542859697604715e-03
1.810000000000000000e+02 9.619844999999999402e+01 1.028141405194627600e+00 4.678542859697604715e-03
1.820000000000000000e+02 9.678893300000000011e+01 1.035001160603779002e+00 4.678542859697604715e-03
1.860000000000000000e+02 9.915089999999999293e+01 1.032124488980586507e+00 4.678542859697604715e-03
1.870000000000000000e+02 9.974191700000000083e+01 1.018689484146995339e+00 4.678542859697604715e-03
1.880000000000000000e+02 1.003316329999999965e+02 1.024980227586723913e+00 4.678542859697604715e-03
1.900000000000000000e+02 1.015115669999999994e+02 1.003737114061610480e+00 4.646931083618566910e-03
1.930000000000000000e+02 1.032762830000000065e+02 9.037806780996927580e-01 4.520483979302415689e-03
1.940000000000000000e+02 1.038589499999999930e+02 9.100081979872631788e-01 4.520483979302415689e-03
1.970000000000000000e+02 1.056077829999999977e+02 1.009522069084074491e+00 4.678542859697604715e-03
1.990000000000000000e+02 1.067866829999999965e+02 1.040027433000345836e+00 4.710154635776642520e-03
2.010000000000000000e+02 1.079569670000000059e+02 1.057824862932844168e+00 4.741766411855680326e-03
2.020000000000000000e+02 1.085464170000000053e+02 1.054758520653177545e+00 4.710154635776642520e-03
2.030000000000000000e+02 1.091366500000000030e+02 1.064621394789837305e+00 4.741766411855680326e-03
2.050000000000000000e+02 1.103080000000000069e+02 1.041766080684693119e+00 4.678542859697604715e-03
2.060000000000000000e+02 1.108977000000000004e+02 1.049321295167582990e+00 4.710154635776642520e-03
2.080000000000000000e+02 1.120674829999999957e+02 1.053841779146885482e+00 4.710154635776642520e-03
2.100000000000000000e+02 1.132380500000000012e+02 1.033894748441012590e+00 4.678542859697604715e-03
2.120000000000000000e+02 1.144086170000000067e+02 1.033009618710799549e+00 4.678542859697604715e-03
2.130000000000000000e+02 1.149964829999999978e+02 1.029342652685631077e+00 4.678542859697604715e-03
2.140000000000000000e+02 1.155872329999999977e+02 1.004464184911428415e+00 4.646931083618566910e-03
2.160000000000000000e+02 1.167622170000000068e+02 9.984895592324901648e-01 4.646931083618566910e-03
2.170000000000000000e+02 1.173508999999999958e+02 9.994379125148613596e-01 4.615319307539529105e-03
2.180000000000000000e+02 1.179421669999999978e+02 1.008668551129940472e+00 4.646931083618566910e-03
2.190000000000000000e+02 1.185300670000000025e+02 1.015970871404198173e+00 4.646931083618566910e-03
2.200000000000000000e+02 1.191187330000000060e+02 1.005665432402431669e+00 4.646931083618566910e-03
2.210000000000000000e+02 1.197084329999999994e+02 1.000291430468995379e+00 4.646931083618566910e-03
2.220000000000000000e+02 1.202981330000000071e+02 9.726943499519952185e-01 4.583707531460491300e-03
2.240000000000000000e+02 1.214715499999999935e+02 9.846436013098716078e-01 4.615319307539529105e-03
2.270000000000000000e+02 1.232386000000000053e+02 6.165560806455546716e-01 3.919860233800695655e-03
2.290000000000000000e+02 1.244167000000000058e+02 1.011260716768421553e+00 4.646931083618566910e-03
2.310000000000000000e+02 1.255875170000000054e+02 9.993430771866241846e-01 4.615319307539529105e-03
2.320000000000000000e+02 1.261720169999999968e+02 9.569200736885553615e-01 4.583707531460491300e-03
2.350000000000000000e+02 1.279393170000000026e+02 9.316622646014041109e-01 4.520483979302415689e-03
2.380000000000000000e+02 1.297058499999999981e+02 9.953283816245863669e-01 4.615319307539529105e-03
2.420000000000000000e+02 1.320662499999999966e+02 9.535060018720192820e-01 4.552095755381453494e-03
2.430000000000000000e+02 1.326567330000000027e+02 9.169311769485725128e-01 4.520483979302415689e-03
2.440000000000000000e+02 1.332464329999999961e+02 9.288804283064487910e-01 4.552095755381453494e-03
2.460000000000000000e+02 1.344209170000000029e+02 8.425170560585173440e-01 4.425648651065302273e-03
3.570000000000000000e+02 1.998013170000000116e+02 7.718963482979467328e-01 4.394036874986263601e-03
