0.000000000000000000e+00 0.000000000000000000e+00 4.968685704737004771e-01 1.121278385197645111e+00
1.000000000000000000e+00 5.808999999999999719e-01 2.364864629641878491e+00 1.198990748528174999e+00
2.000000000000000000e+00 1.171483000000000052e+00 5.273125406876960630e-01 1.121278385197645111e+00
3.000000000000000000e+00 1.762350000000000083e+00 4.009413435729975994e-01 1.132380151387720746e+00
4.000000000000000000e+00 2.350067000000000128e+00 3.555625955181740960e-01 1.165685449957947872e+00
6.000000000000000000e+00 3.528350000000000097e+00 3.986436854436394839e-01 1.143481917577796381e+00
7.000000000000000000e+00 4.118916999999999717e+00 5.255892970906773654e-01 1.132380151387720746e+00
8.000000000000000000e+00 4.709850000000000314e+00 4.354062155133698875e-01 1.132380151387720746e+00
9.000000000000000000e+00 5.297517000000000031e+00 4.962941559413609482e-01 1.110176619007569254e+00
1.000000000000000000e+01 5.883666999999999980e+00 5.738401178071985687e-01 1.087973086627417985e+00
1.100000000000000000e+01 6.472682999999999964e+00 4.876779379562679040e-01 1.099074852817493619e+00
1.200000000000000000e+01 7.063049999999999606e+00 4.193226086078628567e-01 1.076871320437342350e+00
1.300000000000000000e+01 7.651283000000000278e+00 5.031871303294354059e-01 1.076871320437342350e+00
1.400000000000000000e+01 8.240816999999999837e+00 5.945190409714219415e-01 1.087973086627417985e+00
1.500000000000000000e+01 8.826933000000000362e+00 5.370775877374681651e-01 1.076871320437342350e+00
1.600000000000000000e+01 9.414633000000000251e+00 6.243885966530779985e-01 1.065769554247266493e+00
1.700000000000000000e+01 1.000021699999999925e+01 7.295064560712134494e-01 1.043566021867115223e+00
1.800000000000000000e+01 1.058846699999999963e+01 7.260599688771761651e-01 1.043566021867115223e+00
1.900000000000000000e+01 1.117828300000000041e+01 7.783316913200741816e-01 1.054667788057190858e+00
2.000000000000000000e+01 1.176863299999999946e+01 7.519086228324554089e-01 1.043566021867115223e+00
2.100000000000000000e+01 1.235763299999999987e+01 8.495590933301768732e-01 1.043566021867115223e+00
2.200000000000000000e+01 1.294718300000000077e+01 8.294545846982930293e-01 1.043566021867115223e+00
2.300000000000000000e+01 1.353674999999999962e+01 9.179144226785819205e-01 1.043566021867115223e+00
2.400000000000000000e+01 1.412711700000000015e+01 9.236585680019773203e-01 1.043566021867115223e+00
2.500000000000000000e+01 1.471668299999999974e+01 9.753558759125358080e-01 1.043566021867115223e+00
2.600000000000000000e+01 1.530564999999999998e+01 9.483583928925775064e-01 1.021362489486963732e+00
2.700000000000000000e+01 1.589333300000000015e+01 9.908650682857033098e-01 1.010260723296888097e+00
2.800000000000000000e+01 1.648101700000000136e+01 1.005225431594191754e+00 9.880571909167367162e-01
2.900000000000000000e+01 1.706973299999999938e+01 1.007523089723549869e+00 9.769554247266610814e-01
3.000000000000000000e+01 1.765739999999999910e+01 4.455159112825457512e+00 1.154583683767872238e+00
3.100000000000000000e+01 1.824638300000000157e+01 9.885674101563451943e-01 9.769554247266610814e-01
3.200000000000000000e+01 1.896318300000000079e+01 1.087366709718745605e+00 9.880571909167367162e-01
3.300000000000000000e+01 1.954230000000000089e+01 9.609955126040473639e-01 9.769554247266610814e-01
3.400000000000000000e+01 2.012141700000000100e+01 1.106322389285950392e+00 9.769554247266610814e-01
3.500000000000000000e+01 2.070203300000000013e+01 1.051753008713694371e+00 9.769554247266610814e-01
3.600000000000000000e+01 2.128136699999999948e+01 1.105173560221271334e+00 9.769554247266610814e-01
3.700000000000000000e+01 2.186673299999999998e+01 1.041413547131582629e+00 9.880571909167367162e-01
3.800000000000000000e+01 2.245550000000000068e+01 9.885674101563451943e-01 9.880571909167367162e-01
3.900000000000000000e+01 2.304448299999999961e+01 1.051178594181354731e+00 9.769554247266610814e-01
4.000000000000000000e+01 2.362956700000000154e+01 1.128724556047192351e+00 9.769554247266610814e-01
4.100000000000000000e+01 2.421930000000000049e+01 1.170082402375639097e+00 9.769554247266610814e-01
4.200000000000000000e+01 2.480941699999999983e+01 1.127001312450173875e+00 9.769554247266610814e-01
4.300000000000000000e+01 2.539971699999999899e+01 1.071283102813238575e+00 9.547518923465097007e-01
4.400000000000000000e+01 2.603426699999999983e+01 1.113789778206364378e+00 9.547518923465097007e-01
4.500000000000000000e+01 2.661366699999999952e+01 1.094834098639159592e+00 9.547518923465097007e-01
4.600000000000000000e+01 2.719290000000000163e+01 1.194782227266239394e+00 9.547518923465097007e-01
4.700000000000000000e+01 2.778121700000000160e+01 1.152849966405453008e+00 9.547518923465097007e-01
4.800000000000000000e+01 2.836285000000000167e+01 1.098855000365536405e+00 9.547518923465097007e-01
4.900000000000000000e+01 2.895221700000000098e+01 1.087366709718745605e+00 9.436501261564339549e-01
5.000000000000000000e+01 2.954179999999999851e+01 1.058071568569429299e+00 9.547518923465097007e-01
5.100000000000000000e+01 3.012986700000000084e+01 1.118385094465080831e+00 9.658536585365853355e-01
5.200000000000000000e+01 3.071865000000000023e+01 1.094259684106820174e+00 9.658536585365853355e-01
5.300000000000000000e+01 3.130901700000000076e+01 1.116087436335722716e+00 9.658536585365853355e-01
5.400000000000000000e+01 3.189778300000000044e+01 9.874185810916660255e-01 9.658536585365853355e-01
5.500000000000000000e+01 3.248788299999999651e+01 9.667396579274426527e-01 9.658536585365853355e-01
5.600000000000000000e+01 3.307771699999999981e+01 1.036243816340526758e+00 9.658536585365853355e-01
5.700000000000000000e+01 3.366723300000000307e+01 1.108045632882969089e+00 9.547518923465097007e-01
5.800000000000000000e+01 3.434628299999999967e+01 1.172954475037336852e+00 9.547518923465097007e-01
5.900000000000000000e+01 3.492546699999999760e+01 1.079324906265992201e+00 9.436501261564339549e-01
6.000000000000000000e+01 3.550450000000000017e+01 1.160891769858206635e+00 9.436501261564339549e-01
6.100000000000000000e+01 3.608514999999999873e+01 1.203398445251332438e+00 9.436501261564339549e-01
6.200000000000000000e+01 3.666434999999999889e+01 1.230970342803630269e+00 9.436501261564339549e-01
6.300000000000000000e+01 3.724363300000000265e+01 1.188463667410504465e+00 9.436501261564339549e-01
6.400000000000000000e+01 3.782483299999999815e+01 1.110343291012327205e+00 9.325483599663582090e-01
6.500000000000000000e+01 3.840780000000000172e+01 1.055773910440071184e+00 9.325483599663582090e-01
6.600000000000000000e+01 3.899025000000000318e+01 1.161466184390546053e+00 9.436501261564339549e-01
6.700000000000000000e+01 3.957058299999999917e+01 1.182719522087108954e+00 9.325483599663582090e-01
6.800000000000000000e+01 4.015509999999999735e+01 1.198228714460276567e+00 9.325483599663582090e-01
6.900000000000000000e+01 4.073854999999999649e+01 1.271753774599737374e+00 9.436501261564339549e-01
7.000000000000000000e+01 4.132096700000000311e+01 1.122405996191457422e+00 9.325483599663582090e-01
7.100000000000000000e+01 4.190261699999999934e+01 1.120108338062099307e+00 9.214465937762825742e-01
7.200000000000000000e+01 4.248688299999999884e+01 1.140212846693983151e+00 9.325483599663582090e-01
7.300000000000000000e+01 4.307589999999999719e+01 1.209142590574727727e+00 9.436501261564339549e-01
7.400000000000000000e+01 4.366493299999999778e+01 1.158594111728848519e+00 9.436501261564339549e-01
7.500000000000000000e+01 4.425316699999999770e+01 1.086217880654066548e+00 9.436501261564339549e-01
7.600000000000000000e+01 4.484211700000000178e+01 1.093110855042141116e+00 9.436501261564339549e-01
7.700000000000000000e+01 4.543161700000000280e+01 1.106896803818290032e+00 9.436501261564339549e-01
7.800000000000000000e+01 4.602191700000000196e+01 1.116661850868062134e+00 9.325483599663582090e-01
7.900000000000000000e+01 4.660936699999999888e+01 1.176975376763713665e+00 9.436501261564339549e-01
8.000000000000000000e+01 4.719783300000000281e+01 1.054625081375392126e+00 9.325483599663582090e-01
8.100000000000000000e+01 4.778735000000000355e+01 1.213163492301104540e+00 9.436501261564339549e-01
8.200000000000000000e+01 4.837251700000000199e+01 1.153424380937792648e+00 9.325483599663582090e-01
8.300000000000000000e+01 4.895441699999999940e+01 1.253946924097211868e+00 9.436501261564339549e-01
8.400000000000000000e+01 4.954440000000000310e+01 1.083920222524708432e+00 9.325483599663582090e-01
8.500000000000000000e+01 5.013049999999999784e+01 1.159742940793527577e+00 9.325483599663582090e-01
8.600000000000000000e+01 5.071448300000000131e+01 1.215461150430462656e+00 9.436501261564339549e-01
8.700000000000000000e+01 5.129590000000000316e+01 1.151126722808434533e+00 9.325483599663582090e-01
8.800000000000000000e+01 5.188221699999999714e+01 1.135617530435266920e+00 9.325483599663582090e-01
8.900000000000000000e+01 5.246983300000000128e+01 1.162040598922885692e+00 9.325483599663582090e-01
9.000000000000000000e+01 5.305798300000000012e+01 1.204547274316011496e+00 9.436501261564339549e-01
9.100000000000000000e+01 5.364613299999999896e+01 1.248777193306155997e+00 9.325483599663582090e-01
9.200000000000000000e+01 5.423063299999999742e+01 1.183293936619448594e+00 9.325483599663582090e-01
9.300000000000000000e+01 5.482085000000000008e+01 1.191910154604541638e+00 9.325483599663582090e-01
9.400000000000000000e+01 5.541056700000000035e+01 1.164338257052243808e+00 9.214465937762825742e-01
9.500000000000000000e+01 5.600028300000000314e+01 1.263137556614644330e+00 9.325483599663582090e-01
9.600000000000000000e+01 5.658919999999999817e+01 1.176975376763713665e+00 9.325483599663582090e-01
9.700000000000000000e+01 5.717994999999999806e+01 1.174677718634355550e+00 9.214465937762825742e-01
9.800000000000000000e+01 5.776261699999999877e+01 1.156870868131829821e+00 9.214465937762825742e-01
9.900000000000000000e+01 5.834843299999999999e+01 1.167784744246280981e+00 9.214465937762825742e-01
1.000000000000000000e+02 5.893945000000000078e+01 1.135617530435266920e+00 9.325483599663582090e-01
1.010000000000000000e+02 5.953045000000000186e+01 1.206844932445369611e+00 9.769554247266610814e-01
1.020000000000000000e+02 6.011990000000000123e+01 1.246479535176797659e+00 9.769554247266610814e-01
1.030000000000000000e+02 6.070960000000000178e+01 1.129298970579531991e+00 9.769554247266610814e-01
1.040000000000000000e+02 6.129828299999999786e+01 1.311388377331165644e+00 9.658536585365853355e-01
1.050000000000000000e+02 6.188798299999999841e+01 1.082771393460029374e+00 9.769554247266610814e-01
1.060000000000000000e+02 6.247796699999999959e+01 1.058645983101768717e+00 9.880571909167367162e-01
1.070000000000000000e+02 6.306714999999999804e+01 1.180996278490090479e+00 9.658536585365853355e-01
1.080000000000000000e+02 6.365294999999999703e+01 1.121257167126778365e+00 9.547518923465097007e-01
1.090000000000000000e+02 6.424108300000000327e+01 1.165487086116922866e+00 9.658536585365853355e-01
1.100000000000000000e+02 6.482948299999999620e+01 1.156296453599490182e+00 9.658536585365853355e-01
1.110000000000000000e+02 6.541113300000000663e+01 1.140787261226322791e+00 9.880571909167367162e-01
1.120000000000000000e+02 6.599328300000000525e+01 1.033946158211168642e+00 9.769554247266610814e-01
1.130000000000000000e+02 6.658143300000000409e+01 1.119533923529759889e+00 9.547518923465097007e-01
1.140000000000000000e+02 6.717113299999999754e+01 1.184442765684127652e+00 9.658536585365853355e-01
1.150000000000000000e+02 6.776005000000000678e+01 1.110343291012327205e+00 9.658536585365853355e-01
1.160000000000000000e+02 6.834820000000000562e+01 1.149977893743755253e+00 9.769554247266610814e-01
1.170000000000000000e+02 6.893789999999999907e+01 1.036818230872866398e+00 9.547518923465097007e-01
1.180000000000000000e+02 6.952656700000000001e+01 1.194782227266239394e+00 9.658536585365853355e-01
1.190000000000000000e+02 7.011419999999999675e+01 1.178124205828392723e+00 9.547518923465097007e-01
1.200000000000000000e+02 7.073748299999999745e+01 1.160891769858206635e+00 9.547518923465097007e-01
1.210000000000000000e+02 7.131676699999999869e+01 1.141936090291001848e+00 9.547518923465097007e-01
1.220000000000000000e+02 7.189606700000000217e+01 1.113215363674024960e+00 9.658536585365853355e-01
1.230000000000000000e+02 7.248005000000000564e+01 1.127575726982513293e+00 9.658536585365853355e-01
1.240000000000000000e+02 7.306923299999999699e+01 1.077601662668973503e+00 9.658536585365853355e-01
1.250000000000000000e+02 7.365866699999999412e+01 1.050029765116675673e+00 9.880571909167367162e-01
1.260000000000000000e+02 7.424083299999999497e+01 9.805256067035915679e-01 9.880571909167367162e-01
1.270000000000000000e+02 7.482351699999999539e+01 9.512304655542751508e-01 1.021362489486963732e+00
1.280000000000000000e+02 7.540541699999999992e+01 7.346761868622693203e-01 1.043566021867115223e+00
1.290000000000000000e+02 7.598781700000000683e+01 5.870516520510079550e-01 1.087973086627417985e+00
1.300000000000000000e+02 7.657701699999999789e+01 3.032908730752761350e-01 1.143481917577796381e+00
1.320000000000000000e+02 7.775435000000000230e+01 3.423510612743647097e-01 1.176787216148023507e+00
1.340000000000000000e+02 7.893141699999999616e+01 4.003669290406580705e-01 1.132380151387720746e+00
1.350000000000000000e+02 7.951981700000000330e+01 6.192188658620221275e-01 1.099074852817493619e+00
1.360000000000000000e+02 8.010301699999999414e+01 8.001594435489766122e-01 1.065769554247266493e+00
1.370000000000000000e+02 8.069193300000000590e+01 7.565039390911717510e-01 1.054667788057190858e+00
1.380000000000000000e+02 8.128086700000000064e+01 4.124296342197883991e-01 1.121278385197645111e+00
1.390000000000000000e+02 8.186926699999999357e+01 1.080473735330671259e+00 1.110176619007569254e+00
1.400000000000000000e+02 8.245741700000000662e+01 6.674696865785433308e-01 1.054667788057190858e+00
1.410000000000000000e+02 8.304633300000000418e+01 6.651720284491852153e-01 1.043566021867115223e+00
1.420000000000000000e+02 8.363500000000000512e+01 7.082531183746505477e-01 1.054667788057190858e+00
1.430000000000000000e+02 8.422575000000000500e+01 6.915950969368038770e-01 1.043566021867115223e+00
1.440000000000000000e+02 8.481493299999999635e+01 4.544193365338085933e+00 1.198990748528174999e+00
1.450000000000000000e+02 8.546478299999999706e+01 1.146531406549718080e+00 9.658536585365853355e-01
1.460000000000000000e+02 8.604381700000000421e+01 1.128150141514852933e+00 9.547518923465097007e-01
1.470000000000000000e+02 8.667621699999999407e+01 1.044860034325619802e+00 9.547518923465097007e-01
1.480000000000000000e+02 8.730679999999999552e+01 1.055199495907731544e+00 9.547518923465097007e-01
1.490000000000000000e+02 8.794285000000000707e+01 1.095982927703838872e+00 9.436501261564339549e-01
1.500000000000000000e+02 8.852188300000000254e+01 1.165487086116922866e+00 9.436501261564339549e-01
1.510000000000000000e+02 8.915898300000000631e+01 1.128150141514852933e+00 9.436501261564339549e-01
1.520000000000000000e+02 8.973905000000000598e+01 1.163189427987564750e+00 9.436501261564339549e-01
1.530000000000000000e+02 9.032928300000000377e+01 1.120108338062099307e+00 9.436501261564339549e-01
1.540000000000000000e+02 9.091508299999999565e+01 1.108045632882969089e+00 9.325483599663582090e-01
1.550000000000000000e+02 9.150374999999999659e+01 1.197654299927936927e+00 9.325483599663582090e-01
1.560000000000000000e+02 9.208928299999999467e+01 1.091962025977462059e+00 9.214465937762825742e-01
1.570000000000000000e+02 9.267691700000000310e+01 1.219482052156839469e+00 9.325483599663582090e-01
1.580000000000000000e+02 9.326609999999999445e+01 1.101152658494894521e+00 9.214465937762825742e-01
1.590000000000000000e+02 9.385554999999999382e+01 1.098855000365536405e+00 9.436501261564339549e-01
1.600000000000000000e+02 9.444370000000000687e+01 9.776535340418939235e-01 9.436501261564339549e-01
1.610000000000000000e+02 9.503366699999999412e+01 1.197654299927936927e+00 9.658536585365853355e-01
1.620000000000000000e+02 9.562284999999999968e+01 5.135265919115471478e-01 1.032464255677039588e+00
1.630000000000000000e+02 9.621386699999999337e+01 2.067892316422337284e-01 1.054667788057190858e+00
1.640000000000000000e+02 9.680356700000000103e+01 1.585384109257125251e-01 1.087973086627417985e+00
1.670000000000000000e+02 9.857216699999999321e+01 2.429773471796246309e-01 1.198990748528174999e+00
1.680000000000000000e+02 9.915353299999999592e+01 1.302772159346072600e+00 1.287804878048780521e+00
1.730000000000000000e+02 1.020757669999999990e+02 4.233435103342396144e-01 1.132380151387720746e+00
1.740000000000000000e+02 1.026659999999999968e+02 5.709680451455009242e-01 1.065769554247266493e+00
1.750000000000000000e+02 1.032544000000000040e+02 6.691929301755619175e-01 1.043566021867115223e+00
1.760000000000000000e+02 1.038417670000000044e+02 8.874704524645864456e-01 9.880571909167367162e-01
1.770000000000000000e+02 1.044306830000000019e+02 9.322747859870703646e-01 9.547518923465097007e-01
1.780000000000000000e+02 1.050188330000000008e+02 1.029350841952452411e+00 9.325483599663582090e-01
1.790000000000000000e+02 1.056077499999999958e+02 1.090238782380443361e+00 9.325483599663582090e-01
1.800000000000000000e+02 1.061964169999999967e+02 1.214312321365783598e+00 9.214465937762825742e-01
1.810000000000000000e+02 1.067869170000000025e+02 1.089089953315764303e+00 9.103448275862068284e-01
1.820000000000000000e+02 1.073773999999999944e+02 1.163189427987564750e+00 9.103448275862068284e-01
1.830000000000000000e+02 1.079671330000000040e+02 1.186740423813485767e+00 9.103448275862068284e-01
1.840000000000000000e+02 1.085578670000000017e+02 1.246479535176797659e+00 9.103448275862068284e-01
1.850000000000000000e+02 1.091478330000000057e+02 1.211440248704085842e+00 9.103448275862068284e-01
1.860000000000000000e+02 1.097393670000000014e+02 1.214312321365783598e+00 9.103448275862068284e-01
1.870000000000000000e+02 1.103303829999999977e+02 1.092536440509801476e+00 9.103448275862068284e-01
1.880000000000000000e+02 1.109201000000000050e+02 1.201100787121974323e+00 9.103448275862068284e-01
1.890000000000000000e+02 1.115105829999999969e+02 1.237288902659365197e+00 9.214465937762825742e-01
1.900000000000000000e+02 1.121000329999999963e+02 1.115513021803383076e+00 9.214465937762825742e-01
1.910000000000000000e+02 1.126897330000000039e+02 1.093685269574480534e+00 9.214465937762825742e-01
1.920000000000000000e+02 1.132784170000000046e+02 2.003557888800309161e+00 9.991589571068124620e-01
1.930000000000000000e+02 1.138647500000000008e+02 1.055199495907731544e+00 9.436501261564339549e-01
1.940000000000000000e+02 1.144474170000000015e+02 3.781945280923519004e+00 1.087973086627417985e+00
1.950000000000000000e+02 1.150298499999999962e+02 1.024181111161396540e+00 9.214465937762825742e-01
1.960000000000000000e+02 1.156122670000000028e+02 1.139638432161643733e+00 9.325483599663582090e-01
1.970000000000000000e+02 1.161962500000000063e+02 1.071283102813238575e+00 9.214465937762825742e-01
1.980000000000000000e+02 1.167862169999999935e+02 2.005281132397327859e+00 9.658536585365853355e-01
1.990000000000000000e+02 1.173751500000000050e+02 1.164338257052243808e+00 9.103448275862068284e-01
2.000000000000000000e+02 1.179570329999999956e+02 1.161466184390546053e+00 9.103448275862068284e-01
2.010000000000000000e+02 1.185454330000000027e+02 1.133319872305908804e+00 9.103448275862068284e-01
2.020000000000000000e+02 1.191348830000000021e+02 1.194207812733899754e+00 9.103448275862068284e-01
2.030000000000000000e+02 1.197251169999999973e+02 1.145382577485039022e+00 9.103448275862068284e-01
2.040000000000000000e+02 1.203156000000000034e+02 1.213163492301104540e+00 8.992430613961311936e-01
2.050000000000000000e+02 1.208964670000000012e+02 1.205696103380690554e+00 9.103448275862068284e-01
2.060000000000000000e+02 1.214861669999999947e+02 1.198803128992616207e+00 9.103448275862068284e-01
2.070000000000000000e+02 1.220748499999999979e+02 3.247739765847748483e+00 1.010260723296888097e+00
2.080000000000000000e+02 1.226559500000000043e+02 1.198803128992616207e+00 9.103448275862068284e-01
2.090000000000000000e+02 1.232381170000000026e+02 1.168933573310960039e+00 8.992430613961311936e-01
2.100000000000000000e+02 1.238265169999999955e+02 1.199377543524955625e+00 8.992430613961311936e-01
2.110000000000000000e+02 1.244146669999999943e+02 1.133894286838248222e+00 8.992430613961311936e-01
2.120000000000000000e+02 1.249970830000000035e+02 1.142510504823341266e+00 9.103448275862068284e-01
2.130000000000000000e+02 1.255849500000000063e+02 1.353895052724291448e+00 9.214465937762825742e-01
2.140000000000000000e+02 1.261757000000000062e+02 1.095408513171499232e+00 9.103448275862068284e-01
2.150000000000000000e+02 1.267640999999999991e+02 1.117810679932741191e+00 9.103448275862068284e-01
2.160000000000000000e+02 1.273506830000000036e+02 1.144233748420359964e+00 9.103448275862068284e-01
2.170000000000000000e+02 1.279393670000000043e+02 1.109768876479987787e+00 9.103448275862068284e-01
2.180000000000000000e+02 1.285306329999999946e+02 1.163763842519904168e+00 8.992430613961311936e-01
2.190000000000000000e+02 1.291185330000000135e+02 1.138489603096964675e+00 9.103448275862068284e-01
2.200000000000000000e+02 1.297072000000000003e+02 1.066687786554522344e+00 9.103448275862068284e-01
2.210000000000000000e+02 1.302968999999999937e+02 1.112640949141685320e+00 9.103448275862068284e-01
2.220000000000000000e+02 1.308865999999999872e+02 1.063815713892824588e+00 9.103448275862068284e-01
2.230000000000000000e+02 1.314713669999999865e+02 1.109768876479987787e+00 9.103448275862068284e-01
2.240000000000000000e+02 1.320600169999999878e+02 1.145956992017378662e+00 9.103448275862068284e-01
2.250000000000000000e+02 1.326494830000000036e+02 1.102875902091913218e+00 8.992430613961311936e-01
2.260000000000000000e+02 1.332381330000000048e+02 1.031648500081810527e+00 8.992430613961311936e-01
2.270000000000000000e+02 1.338270669999999996e+02 6.984880713248783346e-01 8.770395290159798130e-01
2.280000000000000000e+02 1.344165000000000134e+02 8.271569265689349137e-01 8.881412952060554478e-01
2.290000000000000000e+02 1.350051670000000001e+02 1.182145107554769536e+00 9.103448275862068284e-01
2.300000000000000000e+02 1.355925330000000031e+02 1.160891769858206635e+00 9.103448275862068284e-01
2.310000000000000000e+02 1.361759830000000022e+02 1.117236265400401773e+00 8.992430613961311936e-01
2.320000000000000000e+02 1.367604829999999936e+02 1.133894286838248222e+00 9.214465937762825742e-01
2.330000000000000000e+02 1.373494169999999883e+02 9.948859700120800120e-01 9.103448275862068284e-01
2.340000000000000000e+02 1.379378169999999955e+02 1.034520572743508282e+00 9.214465937762825742e-01
2.350000000000000000e+02 1.385277829999999994e+02 1.041987961663922269e+00 9.214465937762825742e-01
2.360000000000000000e+02 1.391138500000000136e+02 1.026478769290754656e+00 9.103448275862068284e-01
2.370000000000000000e+02 1.397035669999999925e+02 1.036243816340526758e+00 9.103448275862068284e-01
2.380000000000000000e+02 1.402943170000000066e+02 1.106322389285950392e+00 9.103448275862068284e-01
2.390000000000000000e+02 1.408845499999999902e+02 1.105747974753610974e+00 9.103448275862068284e-01
2.400000000000000000e+02 1.414742500000000121e+02 1.210865834171746425e+00 9.214465937762825742e-01
2.410000000000000000e+02 1.420639669999999910e+02 1.080473735330671259e+00 9.103448275862068284e-01
2.420000000000000000e+02 1.426547170000000051e+02 1.046008863390298860e+00 9.103448275862068284e-01
2.430000000000000000e+02 1.432452000000000112e+02 1.077027248136634086e+00 9.214465937762825742e-01
2.440000000000000000e+02 1.438349000000000046e+02 1.047157692454978140e+00 9.214465937762825742e-01
2.450000000000000000e+02 1.444220170000000110e+02 9.902906537533637810e-01 9.325483599663582090e-01
2.460000000000000000e+02 1.450093830000000139e+02 1.171231231440318377e+00 9.547518923465097007e-01
2.470000000000000000e+02 1.455972500000000025e+02 9.328492005194098935e-01 9.325483599663582090e-01
2.480000000000000000e+02 1.461861829999999998e+02 9.265306406636750758e-01 9.547518923465097007e-01
2.490000000000000000e+02 1.467753669999999886e+02 8.409428753450838290e-01 9.658536585365853355e-01
2.500000000000000000e+02 1.473656000000000006e+02 7.438668193797018935e-01 9.880571909167367162e-01
2.510000000000000000e+02 1.479529499999999871e+02 6.961904131955202191e-01 1.021362489486963732e+00
2.520000000000000000e+02 1.485398000000000138e+02 7.857990802404881681e-01 1.032464255677039588e+00
2.530000000000000000e+02 1.491261169999999936e+02 6.588534685934502866e-01 1.010260723296888097e+00
2.540000000000000000e+02 1.497158169999999870e+02 6.381745454292269137e-01 1.021362489486963732e+00
2.550000000000000000e+02 1.503010999999999910e+02 6.714905883049200330e-01 1.043566021867115223e+00
2.560000000000000000e+02 1.508913330000000030e+02 4.036410918749934851e+00 1.110176619007569254e+00
2.570000000000000000e+02 1.514820829999999887e+02 1.220056466689179109e+00 1.065769554247266493e+00
2.580000000000000000e+02 1.520725669999999923e+02 5.152498355085657344e-01 1.032464255677039588e+00
2.590000000000000000e+02 1.526646169999999927e+02 4.635525275980073023e-01 1.043566021867115223e+00
2.600000000000000000e+02 1.532540500000000065e+02 3.825600785381323976e-01 1.032464255677039588e+00
2.620000000000000000e+02 1.544358169999999859e+02 3.974948563789603706e-01 1.065769554247266493e+00
2.630000000000000000e+02 1.550265670000000000e+02 8.863216233999073879e-01 1.110176619007569254e+00
2.640000000000000000e+02 1.556173170000000141e+02 3.366069159509693653e-01 1.087973086627417985e+00
2.690000000000000000e+02 1.585645499999999970e+02 3.992180999759790128e-01 1.099074852817493619e+00
2.700000000000000000e+02 1.591547830000000090e+02 3.693485442943230113e-01 1.087973086627417985e+00
2.710000000000000000e+02 1.597450000000000045e+02 3.389045740803274809e-01 1.076871320437342350e+00
2.720000000000000000e+02 1.603339170000000138e+02 4.807849635681934464e-01 1.065769554247266493e+00
2.730000000000000000e+02 1.609223330000000090e+02 4.359806300457094719e-01 1.065769554247266493e+00
2.740000000000000000e+02 1.615099669999999890e+02 3.630299844385880825e-01 1.087973086627417985e+00
2.780000000000000000e+02 1.638633169999999950e+02 1.975985991248011275e-01 1.198990748528174999e+00
2.800000000000000000e+02 1.650403829999999914e+02 1.898440029382173488e+00 1.310008410428931791e+00
2.810000000000000000e+02 1.656290500000000065e+02 2.803142917816946245e+00 1.343313708999158917e+00
3.050000000000000000e+02 1.797666330000000130e+02 1.901312102043871133e-01 1.210092514718250634e+00
3.060000000000000000e+02 1.803552999999999997e+02 1.195356641798578812e+00 1.232296047098401903e+00
3.080000000000000000e+02 1.815334000000000003e+02 3.710717878913416534e-01 1.132380151387720746e+00
3.090000000000000000e+02 1.821220669999999870e+02 4.543618950805746737e-01 1.110176619007569254e+00
3.100000000000000000e+02 1.827109829999999988e+02 4.595316258716304891e-01 1.076871320437342350e+00
3.110000000000000000e+02 1.833009670000000142e+02 5.215683953643006632e-01 1.054667788057190858e+00
3.120000000000000000e+02 1.838903999999999996e+02 5.726912887425195109e-01 1.054667788057190858e+00
3.130000000000000000e+02 1.844785500000000127e+02 1.886377324203043271e+00 1.143481917577796381e+00
3.140000000000000000e+02 1.850669499999999914e+02 7.220390671507994629e-01 1.043566021867115223e+00
3.150000000000000000e+02 1.856571830000000034e+02 7.513342083001158800e-01 1.043566021867115223e+00
3.160000000000000000e+02 1.862476670000000070e+02 7.668434006732833819e-01 1.043566021867115223e+00
3.170000000000000000e+02 1.868290330000000097e+02 5.497147074489380225e-01 1.032464255677039588e+00
3.180000000000000000e+02 1.874161499999999876e+02 5.657983143544450533e-01 1.043566021867115223e+00
3.190000000000000000e+02 1.879962329999999895e+02 5.382264168021472228e-01 1.043566021867115223e+00
3.200000000000000000e+02 1.885864669999999990e+02 5.382264168021472228e-01 1.054667788057190858e+00
3.210000000000000000e+02 1.891759169999999983e+02 6.485140070113385447e-01 1.065769554247266493e+00
3.220000000000000000e+02 1.897661500000000103e+02 5.508635365136170803e-01 1.065769554247266493e+00
3.230000000000000000e+02 1.903561170000000118e+02 4.767640618418166332e-01 1.076871320437342350e+00
3.250000000000000000e+02 1.915352670000000046e+02 8.099244905987488252e-01 1.243397813288477760e+00
3.260000000000000000e+02 1.921239329999999939e+02 1.257967825823588459e+00 1.254499579478553395e+00
3.290000000000000000e+02 1.938912329999999997e+02 5.939446264390824126e-01 1.043566021867115223e+00
3.300000000000000000e+02 1.944786000000000001e+02 1.272328189132077014e+00 1.076871320437342350e+00
3.310000000000000000e+02 1.950677670000000035e+02 5.502891219812775514e-01 1.076871320437342350e+00
3.320000000000000000e+02 1.956538329999999917e+02 3.124815055927087637e-01 1.110176619007569254e+00
3.330000000000000000e+02 1.962432829999999910e+02 4.405759463044257584e-01 1.076871320437342350e+00
3.340000000000000000e+02 1.968303830000000119e+02 4.957197414090214194e-01 1.065769554247266493e+00
3.350000000000000000e+02 1.974188000000000045e+02 5.887748956480265417e-01 1.043566021867115223e+00
3.360000000000000000e+02 1.980092830000000106e+02 5.405240749315053383e-01 1.043566021867115223e+00
3.370000000000000000e+02 1.985987169999999935e+02 5.479914638519194359e-01 1.043566021867115223e+00
3.380000000000000000e+02 1.991873999999999967e+02 5.606285835633891823e-01 1.043566021867115223e+00
3.390000000000000000e+02 1.997776169999999922e+02 5.772866050012358530e-01 1.043566021867115223e+00
3.400000000000000000e+02 2.003683829999999944e+02 6.014120153594963991e-01 1.043566021867115223e+00
3.410000000000000000e+02 2.009562500000000114e+02 1.289560625102263103e+00 1.087973086627417985e+00
3.420000000000000000e+02 2.015459669999999903e+02 1.066687786554522344e+00 1.087973086627417985e+00
3.430000000000000000e+02 2.021359329999999943e+02 4.256411684635977855e-01 1.076871320437342350e+00
3.440000000000000000e+02 2.027248669999999890e+02 6.312815710411524561e-01 1.054667788057190858e+00
3.450000000000000000e+02 2.033143000000000029e+02 6.508116651406966602e-01 1.043566021867115223e+00
3.460000000000000000e+02 2.039045500000000004e+02 2.267214159144157026e+00 1.121278385197645111e+00
3.470000000000000000e+02 2.044944999999999879e+02 5.612029980957287112e-01 1.032464255677039588e+00
3.480000000000000000e+02 2.050813499999999863e+02 5.801586776629334974e-01 1.032464255677039588e+00
3.490000000000000000e+02 2.056705330000000060e+02 7.766084477230555949e-01 1.021362489486963732e+00
3.500000000000000000e+02 2.062612829999999917e+02 8.742589182207770593e-01 1.010260723296888097e+00
3.510000000000000000e+02 2.068517830000000117e+02 2.097187457571653812e+00 1.054667788057190858e+00
3.520000000000000000e+02 2.074414999999999907e+02 9.920138973503823676e-01 9.880571909167367162e-01
3.530000000000000000e+02 2.080314669999999921e+02 7.484621356384182356e-01 9.991589571068124620e-01
3.540000000000000000e+02 2.086201330000000098e+02 8.472614352008187577e-01 9.991589571068124620e-01
3.550000000000000000e+02 2.092101000000000113e+02 9.024052303054144186e-01 9.991589571068124620e-01
3.560000000000000000e+02 2.097998169999999902e+02 8.294545846982930293e-01 1.010260723296888097e+00
3.570000000000000000e+02 2.103897829999999942e+02 8.196895376485209272e-01 9.991589571068124620e-01
3.580000000000000000e+02 2.109792329999999936e+02 7.909688110315440390e-01 9.880571909167367162e-01
3.590000000000000000e+02 2.115702499999999873e+02 7.461644775090600090e-01 9.880571909167367162e-01
3.600000000000000000e+02 2.121586499999999944e+02 8.478358497331582866e-01 9.991589571068124620e-01
3.610000000000000000e+02 2.127488669999999900e+02 8.960866704496794899e-01 9.880571909167367162e-01
3.620000000000000000e+02 2.133393829999999980e+02 8.731100891560980015e-01 9.880571909167367162e-01
3.630000000000000000e+02 2.139288329999999974e+02 8.443893625391211133e-01 9.880571909167367162e-01
3.640000000000000000e+02 2.145177669999999921e+02 9.793767776389125101e-01 9.769554247266610814e-01
3.650000000000000000e+02 2.151061829999999873e+02 9.632931707334054794e-01 9.991589571068124620e-01
3.660000000000000000e+02 2.156891329999999982e+02 9.282538842606936624e-01 9.991589571068124620e-01
3.670000000000000000e+02 2.162715499999999906e+02 8.748333327531165882e-01 9.991589571068124620e-01
3.680000000000000000e+02 2.168545000000000016e+02 6.938927550661621035e-01 1.043566021867115223e+00
3.690000000000000000e+02 2.174361330000000123e+02 1.973113918586313575e+00 1.198990748528174999e+00
3.700000000000000000e+02 2.180180330000000026e+02 4.417247753691048162e-01 1.154583683767872238e+00
3.710000000000000000e+02 2.186056499999999971e+02 5.813075067276125552e-01 1.076871320437342350e+00
3.720000000000000000e+02 2.191878169999999955e+02 2.963978986872016774e-01 1.210092514718250634e+00
3.750000000000000000e+02 2.209569669999999917e+02 2.653795139408666182e-01 1.210092514718250634e+00
3.760000000000000000e+02 2.215469329999999957e+02 2.889305097667876909e-01 1.265601345668629030e+00
