1.800000000000000000e+01 0.000000000000000000e+00 6.847641906287879054e-01 3.986698121485085337e-03
2.600000000000000000e+01 4.717183000000000348e+00 8.490551838449530431e-01 4.209730184225509916e-03
2.700000000000000000e+01 5.304866999999999777e+00 8.719996072993742020e-01 4.237609192068063531e-03
2.900000000000000000e+01 6.481266999999999889e+00 9.583408945877609497e-01 4.321246215595722640e-03
3.100000000000000000e+01 7.657917000000000307e+00 9.582293785563907873e-01 4.321246215595722640e-03
3.200000000000000000e+01 8.374717000000000411e+00 9.415856108743866359e-01 4.293367207753169025e-03
3.300000000000000000e+01 8.953832999999999487e+00 9.496984021565695322e-01 4.321246215595722640e-03
3.400000000000000000e+01 9.532949999999999591e+00 9.772428619050119725e-01 4.349125223438275387e-03
3.500000000000000000e+01 1.011356699999999975e+01 9.702173519286886316e-01 4.349125223438275387e-03
3.600000000000000000e+01 1.069289999999999985e+01 9.732840427913693748e-01 4.349125223438275387e-03
3.700000000000000000e+01 1.127826699999999960e+01 9.501723452898929168e-01 4.321246215595722640e-03
4.000000000000000000e+01 1.304110000000000014e+01 9.732282847756843491e-01 4.321246215595722640e-03
4.100000000000000000e+01 1.363083300000000087e+01 9.800028836814247413e-01 4.349125223438275387e-03
4.200000000000000000e+01 1.422095000000000020e+01 9.867496035793225095e-01 4.349125223438275387e-03
4.300000000000000000e+01 1.481124999999999936e+01 1.000075769328062858e+00 4.349125223438275387e-03
4.400000000000000000e+01 1.544580000000000020e+01 1.016998327088492582e+00 4.377004231280828134e-03
4.500000000000000000e+01 1.602520000000000167e+01 1.014517095390505386e+00 4.377004231280828134e-03
4.800000000000000000e+01 1.777438300000000027e+01 1.021709879413884137e+00 4.377004231280828134e-03
5.000000000000000000e+01 1.895333300000000065e+01 1.013206782021905283e+00 4.377004231280828134e-03
5.100000000000000000e+01 1.954139999999999944e+01 9.992672781006288751e-01 4.349125223438275387e-03
5.200000000000000000e+01 2.013018299999999883e+01 9.798077306265268183e-01 4.321246215595722640e-03
5.300000000000000000e+01 2.072054999999999936e+01 9.762670966305225795e-01 4.321246215595722640e-03
5.600000000000000000e+01 2.248924999999999841e+01 9.529323670663056856e-01 4.293367207753169025e-03
5.700000000000000000e+01 2.307876699999999914e+01 9.861362654067863387e-01 4.321246215595722640e-03
5.800000000000000000e+01 2.375781699999999930e+01 9.882271909949779110e-01 4.321246215595722640e-03
5.900000000000000000e+01 2.433699999999999974e+01 1.018921978629628855e+00 4.377004231280828134e-03
6.000000000000000000e+01 2.491603299999999876e+01 1.018949857637471368e+00 4.349125223438275387e-03
6.300000000000000000e+01 2.665516699999999872e+01 1.053687101409292337e+00 4.404883239123381748e-03
6.400000000000000000e+01 2.723636700000000133e+01 1.061967166738530643e+00 4.404883239123381748e-03
6.500000000000000000e+01 2.781933300000000031e+01 1.061437465589522233e+00 4.404883239123381748e-03
6.700000000000000000e+01 2.898211699999999880e+01 1.076018186691177325e+00 4.432762246965934495e-03
6.800000000000000000e+01 2.956663299999999950e+01 1.079837610765607137e+00 4.432762246965934495e-03
6.900000000000000000e+01 3.015008299999999863e+01 1.067570847314883720e+00 4.432762246965934495e-03
7.000000000000000000e+01 3.073250000000000171e+01 1.069076313738381634e+00 4.432762246965934495e-03
7.100000000000000000e+01 3.131415000000000148e+01 1.082458237502807119e+00 4.432762246965934495e-03
7.200000000000000000e+01 3.189841699999999847e+01 1.063946576295351942e+00 4.404883239123381748e-03
7.300000000000000000e+01 3.248743300000000289e+01 1.050090709397603073e+00 4.404883239123381748e-03
7.400000000000000000e+01 3.307646700000000095e+01 1.019591074817850052e+00 4.349125223438275387e-03
7.500000000000000000e+01 3.366470000000000340e+01 1.014544974398347899e+00 4.349125223438275387e-03
7.600000000000000000e+01 3.425365000000000038e+01 1.019256526723739453e+00 4.349125223438275387e-03
7.700000000000000000e+01 3.484315000000000140e+01 1.039162138323322271e+00 4.377004231280828134e-03
7.900000000000000000e+01 3.602089999999999748e+01 1.067821758385466779e+00 4.432762246965934495e-03
8.100000000000000000e+01 3.719888300000000214e+01 1.062078682769900917e+00 4.404883239123381748e-03
8.200000000000000000e+01 3.778405000000000058e+01 1.063835060263981669e+00 4.432762246965934495e-03
8.300000000000000000e+01 3.836594999999999800e+01 1.068964797707011583e+00 4.432762246965934495e-03
8.400000000000000000e+01 3.895593300000000170e+01 1.049393734201539141e+00 4.377004231280828134e-03
8.500000000000000000e+01 3.954203300000000354e+01 1.042228829186003125e+00 4.377004231280828134e-03
8.600000000000000000e+01 4.012601699999999738e+01 1.051233748719147654e+00 4.404883239123381748e-03
8.700000000000000000e+01 4.070743300000000175e+01 1.067041146165875309e+00 4.404883239123381748e-03
8.800000000000000000e+01 4.129375000000000284e+01 1.051735570860313773e+00 4.377004231280828134e-03
8.900000000000000000e+01 4.188136699999999735e+01 1.068909039691326335e+00 4.432762246965934495e-03
9.000000000000000000e+01 4.246951700000000329e+01 1.073425438961820078e+00 4.432762246965934495e-03
9.100000000000000000e+01 4.305766700000000213e+01 1.066595082040394438e+00 4.404883239123381748e-03
9.200000000000000000e+01 4.364216700000000060e+01 1.078387902357794470e+00 4.432762246965934495e-03
9.300000000000000000e+01 4.423238299999999867e+01 1.070916328255990146e+00 4.404883239123381748e-03
9.400000000000000000e+01 4.482209999999999894e+01 1.082876422620445478e+00 4.432762246965934495e-03
9.500000000000000000e+01 4.541181699999999921e+01 1.070358748099139223e+00 4.404883239123381748e-03
9.700000000000000000e+01 4.659148299999999665e+01 1.086640088679190042e+00 4.432762246965934495e-03
9.800000000000000000e+01 4.717414999999999736e+01 1.075934549667649787e+00 4.432762246965934495e-03
9.900000000000000000e+01 4.775996700000000317e+01 1.063249601099288011e+00 4.404883239123381748e-03
1.000000000000000000e+02 4.835098299999999938e+01 1.070609659169722061e+00 4.432762246965934495e-03
1.010000000000000000e+02 4.894198300000000046e+01 1.072003609561849702e+00 4.460641254808487242e-03
1.030000000000000000e+02 5.012113300000000038e+01 1.068100548463892352e+00 4.488520262651040857e-03
1.040000000000000000e+02 5.070981700000000103e+01 1.073230285906922044e+00 4.460641254808487242e-03
1.050000000000000000e+02 5.129951700000000159e+01 1.027954777170615897e+00 4.432762246965934495e-03
1.060000000000000000e+02 5.188949999999999818e+01 9.923254051478331839e-01 4.377004231280828134e-03
1.070000000000000000e+02 5.247868299999999664e+01 1.075962428675492299e+00 4.460641254808487242e-03
1.090000000000000000e+02 5.365261699999999934e+01 1.072505431703015821e+00 4.460641254808487242e-03
1.100000000000000000e+02 5.424101699999999937e+01 1.058984112899377550e+00 4.460641254808487242e-03
1.120000000000000000e+02 5.540481700000000131e+01 9.779955951167609296e-01 4.349125223438275387e-03
1.130000000000000000e+02 5.599296700000000016e+01 1.053101642244598901e+00 4.432762246965934495e-03
1.140000000000000000e+02 5.658266700000000071e+01 1.023215345837381829e+00 4.404883239123381748e-03
1.150000000000000000e+02 5.717158299999999826e+01 1.012649201865054360e+00 4.377004231280828134e-03
1.170000000000000000e+02 5.834943299999999766e+01 1.039357291378220083e+00 4.404883239123381748e-03
1.180000000000000000e+02 5.893809999999999860e+01 1.036262721507696716e+00 4.404883239123381748e-03
1.190000000000000000e+02 5.952573300000000245e+01 1.057868952585675260e+00 4.432762246965934495e-03
1.200000000000000000e+02 6.014901700000000062e+01 1.050843442609352030e+00 4.432762246965934495e-03
1.210000000000000000e+02 6.072829999999999728e+01 1.056530760209232866e+00 4.432762246965934495e-03
1.220000000000000000e+02 6.130760000000000076e+01 1.028846905421577640e+00 4.404883239123381748e-03
1.240000000000000000e+02 6.248076700000000017e+01 1.020650477115867094e+00 4.404883239123381748e-03
1.250000000000000000e+02 6.307019999999999982e+01 9.524584239329823010e-01 4.321246215595722640e-03
1.260000000000000000e+02 6.365236699999999814e+01 9.338352466941568508e-01 4.293367207753169025e-03
1.410000000000000000e+02 7.245786699999999314e+01 6.960551888050219294e-01 4.014577129327638952e-03
1.440000000000000000e+02 7.422646699999999953e+01 8.347811318295659255e-01 4.181851176382957169e-03
1.450000000000000000e+02 7.487631700000000023e+01 9.982636338182969693e-01 4.349125223438275387e-03
1.460000000000000000e+02 7.545534999999999570e+01 1.002278210947624704e+00 4.349125223438275387e-03
1.470000000000000000e+02 7.608774999999999977e+01 9.911266078106033550e-01 4.349125223438275387e-03
1.480000000000000000e+02 7.671833300000000122e+01 9.968975624340118413e-01 4.349125223438275387e-03
1.490000000000000000e+02 7.735438299999999856e+01 1.015799529751262753e+00 4.377004231280828134e-03
1.500000000000000000e+02 7.793341700000000571e+01 1.018866220613943607e+00 4.349125223438275387e-03
1.510000000000000000e+02 7.857051699999999528e+01 1.031467532158777622e+00 4.377004231280828134e-03
1.530000000000000000e+02 7.974081700000000694e+01 1.042256708193845638e+00 4.377004231280828134e-03
1.540000000000000000e+02 8.032661699999999882e+01 1.069522377863862506e+00 4.404883239123381748e-03
1.550000000000000000e+02 8.091528300000000229e+01 1.069940562981500864e+00 4.432762246965934495e-03
1.560000000000000000e+02 8.150081699999999785e+01 1.004815200661296926e+00 4.321246215595722640e-03
1.570000000000000000e+02 8.208844999999999459e+01 1.050007072374075312e+00 4.377004231280828134e-03
1.580000000000000000e+02 8.267763300000000015e+01 1.065563558750219908e+00 4.404883239123381748e-03
1.590000000000000000e+02 8.326708299999999952e+01 9.998527372653225331e-01 4.321246215595722640e-03
1.610000000000000000e+02 8.444519999999999982e+01 9.552463247172375826e-01 4.293367207753169025e-03
1.760000000000000000e+02 9.325329999999999586e+01 8.372902425353956346e-01 4.153972168540404422e-03
1.770000000000000000e+02 9.384221700000000510e+01 9.205090809454165024e-01 4.237609192068063531e-03
1.780000000000000000e+02 9.443036700000000394e+01 9.849932260852417576e-01 4.293367207753169025e-03
1.790000000000000000e+02 9.501928300000000149e+01 9.958939181516799355e-01 4.321246215595722640e-03
1.800000000000000000e+02 9.560795000000000243e+01 1.061381707573836986e+00 4.377004231280828134e-03
1.810000000000000000e+02 9.619844999999999402e+01 1.067821758385466779e+00 4.404883239123381748e-03
1.820000000000000000e+02 9.678893300000000011e+01 1.079837610765607137e+00 4.404883239123381748e-03
1.830000000000000000e+02 9.737866699999999298e+01 1.076352734785288146e+00 4.404883239123381748e-03
1.840000000000000000e+02 9.796939999999999316e+01 1.069996320997185890e+00 4.377004231280828134e-03
1.860000000000000000e+02 9.915089999999999293e+01 1.066957509142347771e+00 4.377004231280828134e-03
1.870000000000000000e+02 9.974191700000000083e+01 1.061939287730688131e+00 4.377004231280828134e-03
1.880000000000000000e+02 1.003316329999999965e+02 1.063110206060075447e+00 4.377004231280828134e-03
1.890000000000000000e+02 1.009221170000000001e+02 1.051930723915211585e+00 4.377004231280828134e-03
1.900000000000000000e+02 1.015115669999999994e+02 1.027759624115718085e+00 4.321246215595722640e-03
1.930000000000000000e+02 1.032762830000000065e+02 9.311588619412717316e-01 4.237609192068063531e-03
1.940000000000000000e+02 1.038589499999999930e+02 9.565845170936801978e-01 4.265488199910616278e-03
1.960000000000000000e+02 1.050237999999999943e+02 1.017026206096335095e+00 4.321246215595722640e-03
1.970000000000000000e+02 1.056077829999999977e+02 1.043037320413437108e+00 4.377004231280828134e-03
1.990000000000000000e+02 1.067866829999999965e+02 1.069243587785436933e+00 4.404883239123381748e-03
2.000000000000000000e+02 1.073685669999999988e+02 1.085190380271377375e+00 4.404883239123381748e-03
2.010000000000000000e+02 1.079569670000000059e+02 1.093414687584930434e+00 4.432762246965934495e-03
2.020000000000000000e+02 1.085464170000000053e+02 1.089288594424232759e+00 4.404883239123381748e-03
2.030000000000000000e+02 1.091366500000000030e+02 1.094474089882947476e+00 4.432762246965934495e-03
2.050000000000000000e+02 1.103080000000000069e+02 1.089149199385019973e+00 4.404883239123381748e-03
2.060000000000000000e+02 1.108977000000000004e+02 1.081789141314585923e+00 4.404883239123381748e-03
2.070000000000000000e+02 1.114863830000000036e+02 1.086890999749773101e+00 4.404883239123381748e-03
2.080000000000000000e+02 1.120674829999999957e+02 1.080701860008726367e+00 4.404883239123381748e-03
2.100000000000000000e+02 1.132380500000000012e+02 1.078109112279368897e+00 4.404883239123381748e-03
2.120000000000000000e+02 1.144086170000000067e+02 1.063556270185556096e+00 4.377004231280828134e-03
2.130000000000000000e+02 1.149964829999999978e+02 1.063388996138500797e+00 4.377004231280828134e-03
2.140000000000000000e+02 1.155872329999999977e+02 1.050090709397603073e+00 4.349125223438275387e-03
2.160000000000000000e+02 1.167622170000000068e+02 1.038716074197841399e+00 4.349125223438275387e-03
2.170000000000000000e+02 1.173508999999999958e+02 1.042005797123262578e+00 4.349125223438275387e-03
2.180000000000000000e+02 1.179421669999999978e+02 1.044682181876147808e+00 4.349125223438275387e-03
2.190000000000000000e+02 1.185300670000000025e+02 1.061047159479726387e+00 4.377004231280828134e-03
2.200000000000000000e+02 1.191187330000000060e+02 1.051958602923054098e+00 4.349125223438275387e-03
2.210000000000000000e+02 1.197084329999999994e+02 1.029292969547058512e+00 4.321246215595722640e-03
2.220000000000000000e+02 1.202981330000000071e+02 1.014405579359135112e+00 4.321246215595722640e-03
2.230000000000000000e+02 1.208829000000000065e+02 1.007993407555348053e+00 4.293367207753169025e-03
2.240000000000000000e+02 1.214715499999999935e+02 1.022936555758956478e+00 4.321246215595722640e-03
2.250000000000000000e+02 1.220610170000000068e+02 1.031160863072509537e+00 4.321246215595722640e-03
2.270000000000000000e+02 1.232386000000000053e+02 6.420814296218392281e-01 3.652150027374449336e-03
2.290000000000000000e+02 1.244167000000000058e+02 1.041308821927198869e+00 4.349125223438275387e-03
2.310000000000000000e+02 1.255875170000000054e+02 1.037991219993934955e+00 4.321246215595722640e-03
2.320000000000000000e+02 1.261720169999999968e+02 9.965630143399012431e-01 4.293367207753169025e-03
2.350000000000000000e+02 1.279393170000000026e+02 9.702452309365311445e-01 4.265488199910616278e-03
2.380000000000000000e+02 1.297058499999999981e+02 1.036457874562594528e+00 4.349125223438275387e-03
2.400000000000000000e+02 1.308857830000000035e+02 1.026114762653007384e+00 4.321246215595722640e-03
2.410000000000000000e+02 1.314755000000000109e+02 1.000912139563339576e+00 4.293367207753169025e-03
2.420000000000000000e+02 1.320662499999999966e+02 9.936078395085905512e-01 4.265488199910616278e-03
2.430000000000000000e+02 1.326567330000000027e+02 9.705240210149567170e-01 4.265488199910616278e-03
2.440000000000000000e+02 1.332464329999999961e+02 9.677082412228588115e-01 4.265488199910616278e-03
2.460000000000000000e+02 1.344209170000000029e+02 8.837924276167741233e-01 4.153972168540404422e-03
2.490000000000000000e+02 1.361869000000000085e+02 7.733915565602640374e-01 4.014577129327638952e-03
2.730000000000000000e+02 1.503338669999999979e+02 4.189378508500446463e-01 3.568513003846790228e-03
3.150000000000000000e+02 1.750687169999999924e+02 6.958600357501240063e-01 3.986698121485085337e-03
3.440000000000000000e+02 1.921364000000000090e+02 4.961069445582314552e-01 3.652150027374449336e-03
3.500000000000000000e+02 1.956728170000000091e+02 7.809188886777533867e-01 4.070335145012744446e-03
3.510000000000000000e+02 1.962633170000000007e+02 7.813091947875491217e-01 4.070335145012744446e-03
3.550000000000000000e+02 1.986216330000000028e+02 8.348368898452509512e-01 4.153972168540404422e-03
3.560000000000000000e+02 1.992113500000000101e+02 7.899795662265831631e-01 4.098214152855298061e-03
3.570000000000000000e+02 1.998013170000000116e+02 8.038633121321745456e-01 4.098214152855298061e-03
3.640000000000000000e+02 2.039293000000000120e+02 9.115877984357995123e-01 4.237609192068063531e-03
3.660000000000000000e+02 2.051006669999999872e+02 8.329411173119574130e-01 4.153972168540404422e-03
