1.800000000000000000e+01 0.000000000000000000e+00 6.827011292370176454e-01 7.496528870834347907e-03
2.600000000000000000e+01 4.717183000000000348e+00 8.279786887338763668e-01 7.625779368607353906e-03
2.700000000000000000e+01 5.304866999999999777e+00 8.690803470256923680e-01 7.690404617493856905e-03
2.900000000000000000e+01 6.481266999999999889e+00 9.591033187245909808e-01 7.755029866380359904e-03
3.100000000000000000e+01 7.657917000000000307e+00 9.589094429779314588e-01 7.755029866380359904e-03
3.200000000000000000e+01 8.374717000000000411e+00 9.346749746454928731e-01 7.690404617493856905e-03
3.300000000000000000e+01 8.953832999999999487e+00 9.579400642446339598e-01 7.755029866380359904e-03
3.400000000000000000e+01 9.532949999999999591e+00 9.841132900436676545e-01 7.755029866380359904e-03
3.500000000000000000e+01 1.011356699999999975e+01 9.635624608977597649e-01 7.690404617493856905e-03
3.600000000000000000e+01 1.069289999999999985e+01 9.631100841555542136e-01 7.690404617493856905e-03
3.700000000000000000e+01 1.127826699999999960e+01 9.638855871421921906e-01 7.755029866380359904e-03
4.000000000000000000e+01 1.304110000000000014e+01 9.764228854261738366e-01 7.690404617493856905e-03
4.100000000000000000e+01 1.363083300000000087e+01 9.726099957418701258e-01 7.690404617493856905e-03
4.200000000000000000e+01 1.422095000000000020e+01 9.942594541188486401e-01 7.755029866380359904e-03
4.300000000000000000e+01 1.481124999999999936e+01 1.000334227514179997e+00 7.690404617493856905e-03
4.400000000000000000e+01 1.544580000000000020e+01 1.006538251407284257e+00 7.690404617493856905e-03
4.500000000000000000e+01 1.602520000000000167e+01 1.019657176931244358e+00 7.755029866380359904e-03
4.800000000000000000e+01 1.777438300000000027e+01 1.029932591504198358e+00 7.755029866380359904e-03
5.000000000000000000e+01 1.895333300000000065e+01 1.017330667971330316e+00 7.755029866380359904e-03
5.100000000000000000e+01 1.954139999999999944e+01 1.015004159011416052e+00 7.755029866380359904e-03
5.200000000000000000e+01 2.013018299999999883e+01 9.836609133014621031e-01 7.690404617493856905e-03
5.300000000000000000e+01 2.072054999999999936e+01 9.746133784573517422e-01 7.690404617493856905e-03
5.600000000000000000e+01 2.248924999999999841e+01 9.521884170937351399e-01 7.690404617493856905e-03
5.700000000000000000e+01 2.307876699999999914e+01 9.748718794528977716e-01 7.625779368607353906e-03
5.800000000000000000e+01 2.375781699999999930e+01 1.000334227514179997e+00 7.690404617493856905e-03
5.900000000000000000e+01 2.433699999999999974e+01 1.022888439375569503e+00 7.690404617493856905e-03
6.000000000000000000e+01 2.491603299999999876e+01 1.025667325077689096e+00 7.690404617493856905e-03
6.300000000000000000e+01 2.665516699999999872e+01 1.057269071783188963e+00 7.690404617493856905e-03
6.400000000000000000e+01 2.723636700000000133e+01 1.064248598662931311e+00 7.755029866380359904e-03
6.500000000000000000e+01 2.781933300000000031e+01 1.072908382013722850e+00 7.755029866380359904e-03
6.700000000000000000e+01 2.898211699999999880e+01 1.066639732871732082e+00 7.690404617493856905e-03
6.800000000000000000e+01 2.956663299999999950e+01 1.089904822470873169e+00 7.755029866380359904e-03
6.900000000000000000e+01 3.015008299999999863e+01 1.079500157400146154e+00 7.755029866380359904e-03
7.000000000000000000e+01 3.073250000000000171e+01 1.078143027173529500e+00 7.755029866380359904e-03
7.100000000000000000e+01 3.131415000000000148e+01 1.072003628529311747e+00 7.690404617493856905e-03
7.200000000000000000e+01 3.189841699999999847e+01 1.075105640475863877e+00 7.755029866380359904e-03
7.300000000000000000e+01 3.248743300000000289e+01 1.066187356129526531e+00 7.755029866380359904e-03
7.400000000000000000e+01 3.307646700000000095e+01 1.035878114401756589e+00 7.690404617493856905e-03
7.500000000000000000e+01 3.366470000000000340e+01 1.014874908513643037e+00 7.690404617493856905e-03
7.600000000000000000e+01 3.425365000000000038e+01 1.021595934397839356e+00 7.690404617493856905e-03
7.700000000000000000e+01 3.484315000000000140e+01 1.040983509063790224e+00 7.690404617493856905e-03
7.900000000000000000e+01 3.602089999999999748e+01 1.072908382013722850e+00 7.755029866380359904e-03
8.100000000000000000e+01 3.719888300000000214e+01 1.068643115587213588e+00 7.755029866380359904e-03
8.200000000000000000e+01 3.778405000000000058e+01 1.061922089703017269e+00 7.755029866380359904e-03
8.300000000000000000e+01 3.836594999999999800e+01 1.062891468436314879e+00 7.755029866380359904e-03
8.400000000000000000e+01 3.895593300000000170e+01 1.041177384810449746e+00 7.690404617493856905e-03
8.500000000000000000e+01 3.954203300000000354e+01 1.048997039925716690e+00 7.690404617493856905e-03
8.600000000000000000e+01 4.012601699999999738e+01 1.049578667165695256e+00 7.690404617493856905e-03
8.700000000000000000e+01 4.070743300000000175e+01 1.074976389978090863e+00 7.755029866380359904e-03
8.800000000000000000e+01 4.129375000000000284e+01 1.061857464454130762e+00 7.690404617493856905e-03
8.900000000000000000e+01 4.188136699999999735e+01 1.068901616582759617e+00 7.755029866380359904e-03
9.000000000000000000e+01 4.246951700000000329e+01 1.069612494320511198e+00 7.690404617493856905e-03
9.100000000000000000e+01 4.305766700000000213e+01 1.073360758755928401e+00 7.755029866380359904e-03
9.200000000000000000e+01 4.364216700000000060e+01 1.075428766720296414e+00 7.755029866380359904e-03
9.300000000000000000e+01 4.423238299999999867e+01 1.080986538124535601e+00 7.755029866380359904e-03
9.400000000000000000e+01 4.482209999999999894e+01 1.073877760747020238e+00 7.690404617493856905e-03
9.500000000000000000e+01 4.541181699999999921e+01 1.075687267715842443e+00 7.690404617493856905e-03
9.700000000000000000e+01 4.659148299999999665e+01 1.079823283644578691e+00 7.690404617493856905e-03
9.800000000000000000e+01 4.717414999999999736e+01 1.074588638484771819e+00 7.690404617493856905e-03
9.900000000000000000e+01 4.775996700000000317e+01 1.079177031155713617e+00 7.690404617493856905e-03
1.000000000000000000e+02 4.835098299999999938e+01 1.077044397942458875e+00 7.755029866380359904e-03
1.010000000000000000e+02 4.894198300000000046e+01 1.074588638484771819e+00 7.884280364153365903e-03
1.030000000000000000e+02 5.012113300000000038e+01 1.067932237849462007e+00 7.948905613039868034e-03
1.040000000000000000e+02 5.070981700000000103e+01 1.082472918848925270e+00 7.884280364153365903e-03
1.050000000000000000e+02 5.129951700000000159e+01 1.031612847975247327e+00 7.819655115266862036e-03
1.060000000000000000e+02 5.188949999999999818e+01 1.015198034758075574e+00 7.819655115266862036e-03
1.070000000000000000e+02 5.247868299999999664e+01 1.094687090888474268e+00 7.884280364153365903e-03
1.090000000000000000e+02 5.365261699999999934e+01 1.089517070977554125e+00 7.884280364153365903e-03
1.100000000000000000e+02 5.424101699999999937e+01 1.042405264539293386e+00 7.819655115266862036e-03
1.120000000000000000e+02 5.540481700000000131e+01 9.836609133014621031e-01 7.755029866380359904e-03
1.130000000000000000e+02 5.599296700000000016e+01 1.064700975405136862e+00 7.819655115266862036e-03
1.140000000000000000e+02 5.658266700000000071e+01 1.053456182098885474e+00 7.819655115266862036e-03
1.150000000000000000e+02 5.717158299999999826e+01 1.040466507072698388e+00 7.819655115266862036e-03
1.170000000000000000e+02 5.834943299999999766e+01 1.049190915672376212e+00 7.819655115266862036e-03
1.180000000000000000e+02 5.893809999999999860e+01 1.044344022005888384e+00 7.819655115266862036e-03
1.190000000000000000e+02 5.952573300000000245e+01 1.048480037934624631e+00 7.819655115266862036e-03
1.200000000000000000e+02 6.014901700000000062e+01 1.054231685085523340e+00 7.819655115266862036e-03
1.210000000000000000e+02 6.072829999999999728e+01 1.073619259751474209e+00 7.819655115266862036e-03
1.220000000000000000e+02 6.130760000000000076e+01 1.036718242637281184e+00 7.755029866380359904e-03
1.240000000000000000e+02 6.248076700000000017e+01 1.009187886611630836e+00 7.755029866380359904e-03
1.250000000000000000e+02 6.307019999999999982e+01 9.715113665107996122e-01 7.755029866380359904e-03
1.260000000000000000e+02 6.365236699999999814e+01 9.444980124762413221e-01 7.755029866380359904e-03
1.410000000000000000e+02 7.245786699999999314e+01 7.000206959386005012e-01 7.561154119720850907e-03
1.440000000000000000e+02 7.422646699999999953e+01 8.331487086447966206e-01 7.690404617493856905e-03
1.450000000000000000e+02 7.487631700000000023e+01 9.925145723989130531e-01 7.690404617493856905e-03
1.460000000000000000e+02 7.545534999999999570e+01 1.017007541726897779e+00 7.690404617493856905e-03
1.470000000000000000e+02 7.608774999999999977e+01 9.916098189145020614e-01 7.690404617493856905e-03
1.480000000000000000e+02 7.671833300000000122e+01 9.963274620832167638e-01 7.690404617493856905e-03
1.490000000000000000e+02 7.735438299999999856e+01 1.016425914486919213e+00 7.690404617493856905e-03
1.500000000000000000e+02 7.793341700000000571e+01 1.022048311140044907e+00 7.690404617493856905e-03
1.510000000000000000e+02 7.857051699999999528e+01 1.038850875850535704e+00 7.690404617493856905e-03
1.530000000000000000e+02 7.974081700000000694e+01 1.034456358926253428e+00 7.690404617493856905e-03
1.540000000000000000e+02 8.032661699999999882e+01 1.061017336218606166e+00 7.690404617493856905e-03
1.550000000000000000e+02 8.091528300000000229e+01 1.053391556849998967e+00 7.690404617493856905e-03
1.560000000000000000e+02 8.150081699999999785e+01 9.949703318566002208e-01 7.561154119720850907e-03
1.570000000000000000e+02 8.208844999999999459e+01 1.037170619379486736e+00 7.625779368607353906e-03
1.580000000000000000e+02 8.267763300000000015e+01 1.068772366084986603e+00 7.690404617493856905e-03
1.590000000000000000e+02 8.326708299999999952e+01 1.003048487967413083e+00 7.625779368607353906e-03
1.610000000000000000e+02 8.444519999999999982e+01 9.563890582713578947e-01 7.625779368607353906e-03
1.760000000000000000e+02 9.325329999999999586e+01 8.222270415829776580e-01 7.496528870834347907e-03
1.770000000000000000e+02 9.384221700000000510e+01 9.175492836905695393e-01 7.561154119720850907e-03
1.780000000000000000e+02 9.443036700000000394e+01 9.794602721238394594e-01 7.561154119720850907e-03
1.790000000000000000e+02 9.501928300000000149e+01 9.788786448838608933e-01 7.561154119720850907e-03
1.800000000000000000e+02 9.560795000000000243e+01 1.041500511054882283e+00 7.625779368607353906e-03
1.810000000000000000e+02 9.619844999999999402e+01 1.050548045898992644e+00 7.625779368607353906e-03
1.820000000000000000e+02 9.678893300000000011e+01 1.069030867080532632e+00 7.625779368607353906e-03
1.830000000000000000e+02 9.737866699999999298e+01 1.070969624547127630e+00 7.625779368607353906e-03
1.840000000000000000e+02 9.796939999999999316e+01 1.082343668351152255e+00 7.625779368607353906e-03
1.860000000000000000e+02 9.915089999999999293e+01 1.075945768711388473e+00 7.625779368607353906e-03
1.870000000000000000e+02 9.974191700000000083e+01 1.058690827258692124e+00 7.625779368607353906e-03
1.880000000000000000e+02 1.003316329999999965e+02 1.064248598662931311e+00 7.625779368607353906e-03
1.890000000000000000e+02 1.009221170000000001e+02 1.059401704996443705e+00 7.625779368607353906e-03
1.900000000000000000e+02 1.015115669999999994e+02 1.049772542912354778e+00 7.625779368607353906e-03
1.930000000000000000e+02 1.032762830000000065e+02 9.330593434233303007e-01 7.496528870834347907e-03
1.940000000000000000e+02 1.038589499999999930e+02 9.407497480408241186e-01 7.496528870834347907e-03
1.960000000000000000e+02 1.050237999999999943e+02 1.019721802180130865e+00 7.625779368607353906e-03
1.970000000000000000e+02 1.056077829999999977e+02 1.044473272503661399e+00 7.625779368607353906e-03
1.990000000000000000e+02 1.067866829999999965e+02 1.069160117578305647e+00 7.625779368607353906e-03
2.000000000000000000e+02 1.073685669999999988e+02 1.080921912875649094e+00 7.690404617493856905e-03
2.010000000000000000e+02 1.079569670000000059e+02 1.078918530160167588e+00 7.690404617493856905e-03
2.020000000000000000e+02 1.085464170000000053e+02 1.096561223106182981e+00 7.690404617493856905e-03
2.030000000000000000e+02 1.091366500000000030e+02 1.086415059031001995e+00 7.690404617493856905e-03
2.050000000000000000e+02 1.103080000000000069e+02 1.089904822470873169e+00 7.625779368607353906e-03
2.060000000000000000e+02 1.108977000000000004e+02 1.070517247804922079e+00 7.625779368607353906e-03
2.070000000000000000e+02 1.114863830000000036e+02 1.094622465639587761e+00 7.625779368607353906e-03
2.080000000000000000e+02 1.120674829999999957e+02 1.081697415862287182e+00 7.625779368607353906e-03
2.100000000000000000e+02 1.132380500000000012e+02 1.068643115587213588e+00 7.561154119720850907e-03
2.120000000000000000e+02 1.144086170000000067e+02 1.052745304361133893e+00 7.625779368607353906e-03
2.130000000000000000e+02 1.149964829999999978e+02 1.059918706987535764e+00 7.561154119720850907e-03
2.140000000000000000e+02 1.155872329999999977e+02 1.028833962273127733e+00 7.561154119720850907e-03
2.160000000000000000e+02 1.167622170000000068e+02 1.026830579557646228e+00 7.561154119720850907e-03
2.170000000000000000e+02 1.173508999999999958e+02 1.052939180107793415e+00 7.625779368607353906e-03
2.180000000000000000e+02 1.179421669999999978e+02 1.034068607432934384e+00 7.561154119720850907e-03
2.190000000000000000e+02 1.185300670000000025e+02 1.051711300378949776e+00 7.561154119720850907e-03
2.200000000000000000e+02 1.191187330000000060e+02 1.043956270512569340e+00 7.625779368607353906e-03
2.210000000000000000e+02 1.197084329999999994e+02 1.011514395571544878e+00 7.496528870834347907e-03
2.220000000000000000e+02 1.202981330000000071e+02 9.857935465147167342e-01 7.496528870834347907e-03
2.230000000000000000e+02 1.208829000000000065e+02 9.925791976477995604e-01 7.496528870834347907e-03
2.240000000000000000e+02 1.214715499999999935e+02 1.016490539735805720e+00 7.496528870834347907e-03
2.250000000000000000e+02 1.220610170000000068e+02 1.023599317113321083e+00 7.496528870834347907e-03
2.270000000000000000e+02 1.232386000000000053e+02 6.242152789947325031e-01 6.656400635309808918e-03
2.290000000000000000e+02 1.244167000000000058e+02 1.038786250601649197e+00 7.561154119720850907e-03
2.310000000000000000e+02 1.255875170000000054e+02 1.047381408703554007e+00 7.561154119720850907e-03
2.320000000000000000e+02 1.261720169999999968e+02 9.798480236171585034e-01 7.496528870834347907e-03
2.350000000000000000e+02 1.279393170000000026e+02 9.561951825246983727e-01 7.431903621947844908e-03
2.380000000000000000e+02 1.297058499999999981e+02 1.017912295211308660e+00 7.496528870834347907e-03
2.400000000000000000e+02 1.308857830000000035e+02 1.008412383624992747e+00 7.496528870834347907e-03
2.410000000000000000e+02 1.314755000000000109e+02 1.008929385616084806e+00 7.496528870834347907e-03
2.420000000000000000e+02 1.320662499999999966e+02 9.824330335726185748e-01 7.496528870834347907e-03
2.430000000000000000e+02 1.326567330000000027e+02 9.620114549244835889e-01 7.496528870834347907e-03
2.440000000000000000e+02 1.332464329999999961e+02 9.576169380002014231e-01 7.496528870834347907e-03
2.460000000000000000e+02 1.344209170000000029e+02 8.868522904694806641e-01 7.431903621947844908e-03
2.490000000000000000e+02 1.361869000000000085e+02 7.679418325183151595e-01 7.302653124174838910e-03
2.730000000000000000e+02 1.503338669999999979e+02 4.152172240957817673e-01 7.108777377515329912e-03
3.150000000000000000e+02 1.750687169999999924e+02 6.963370567520698051e-01 7.496528870834347907e-03
3.440000000000000000e+02 1.921364000000000090e+02 5.179067445764350408e-01 7.173402626401832911e-03
3.500000000000000000e+02 1.956728170000000091e+02 7.674894557761096081e-01 7.496528870834347907e-03
3.510000000000000000e+02 1.962633170000000007e+02 7.803498803045236798e-01 7.431903621947844908e-03
3.550000000000000000e+02 1.986216330000000028e+02 8.284310654760819181e-01 7.561154119720850907e-03
3.560000000000000000e+02 1.992113500000000101e+02 7.878464091753580867e-01 7.561154119720850907e-03
3.570000000000000000e+02 1.998013170000000116e+02 7.983156994949714980e-01 7.496528870834347907e-03
3.640000000000000000e+02 2.039293000000000120e+02 9.386171148275695986e-01 7.690404617493856905e-03
3.660000000000000000e+02 2.051006669999999872e+02 8.463322594176432290e-01 7.561154119720850907e-03
