1.800000000000000000e+01 0.000000000000000000e+00 6.845383945983187779e-01 1.893376223667518534e-03
2.600000000000000000e+01 4.717183000000000348e+00 8.441840386741001900e-01 2.059155708689098304e-03
2.700000000000000000e+01 5.304866999999999777e+00 8.677509012553259460e-01 2.085331416850400715e-03
2.900000000000000000e+01 6.481266999999999889e+00 9.631526322672182561e-01 2.172583777388074119e-03
3.100000000000000000e+01 7.657917000000000307e+00 9.663373434268434092e-01 2.172583777388074119e-03
3.200000000000000000e+01 8.374717000000000411e+00 9.420986376694776565e-01 2.155133305280539611e-03
3.300000000000000000e+01 8.953832999999999487e+00 9.457632368120598709e-01 2.155133305280539611e-03
3.400000000000000000e+01 9.532949999999999591e+00 9.753592375064388253e-01 2.181309013441841589e-03
3.500000000000000000e+01 1.011356699999999975e+01 9.668870332982306692e-01 2.172583777388074119e-03
3.600000000000000000e+01 1.069289999999999985e+01 9.545844504624186877e-01 2.163858541334307082e-03
3.700000000000000000e+01 1.127826699999999960e+01 9.469411436793184755e-01 2.155133305280539611e-03
4.000000000000000000e+01 1.304110000000000014e+01 9.772264380219450874e-01 2.181309013441841589e-03
4.100000000000000000e+01 1.363083300000000087e+01 9.820514935596783568e-01 2.190034249495609060e-03
4.200000000000000000e+01 1.422095000000000020e+01 9.942929997431140254e-01 2.198759485549376530e-03
4.300000000000000000e+01 1.481124999999999936e+01 1.012153557945175919e+00 2.216209957656911037e-03
4.400000000000000000e+01 1.544580000000000020e+01 1.014579173568123105e+00 2.216209957656911037e-03
4.500000000000000000e+01 1.602520000000000167e+01 1.014570448332069441e+00 2.216209957656911037e-03
4.800000000000000000e+01 1.777438300000000027e+01 1.026253539408063853e+00 2.224935193710678508e-03
5.000000000000000000e+01 1.895333300000000065e+01 1.006743911591839957e+00 2.207484721603143567e-03
5.100000000000000000e+01 1.954139999999999944e+01 9.974864361387928424e-01 2.198759485549376530e-03
5.200000000000000000e+01 2.013018299999999883e+01 9.823481515855064794e-01 2.181309013441841589e-03
5.300000000000000000e+01 2.072054999999999936e+01 9.780117092667841572e-01 2.181309013441841589e-03
5.600000000000000000e+01 2.248924999999999841e+01 9.474384821343833085e-01 2.155133305280539611e-03
5.700000000000000000e+01 2.307876699999999914e+01 9.818420878943879826e-01 2.181309013441841589e-03
5.800000000000000000e+01 2.375781699999999930e+01 9.928097096139735234e-01 2.190034249495609060e-03
5.900000000000000000e+01 2.433699999999999974e+01 1.013174410563466576e+00 2.207484721603143567e-03
6.000000000000000000e+01 2.491603299999999876e+01 1.023068828248438811e+00 2.216209957656911037e-03
6.300000000000000000e+01 2.665516699999999872e+01 1.039533348681897840e+00 2.233660429764445978e-03
6.400000000000000000e+01 2.723636700000000133e+01 1.047621642503740125e+00 2.242385665818213015e-03
6.500000000000000000e+01 2.781933300000000031e+01 1.056285801905131105e+00 2.251110901871980485e-03
6.700000000000000000e+01 2.898211699999999880e+01 1.069591786887126306e+00 2.259836137925747956e-03
6.800000000000000000e+01 2.956663299999999950e+01 1.063597549718188207e+00 2.259836137925747956e-03
6.900000000000000000e+01 3.015008299999999863e+01 1.075446420279204229e+00 2.268561373979515426e-03
7.000000000000000000e+01 3.073250000000000171e+01 1.072331511008009386e+00 2.259836137925747956e-03
7.100000000000000000e+01 3.131415000000000148e+01 1.073797350665042227e+00 2.259836137925747956e-03
7.200000000000000000e+01 3.189841699999999847e+01 1.058397309030142841e+00 2.251110901871980485e-03
7.300000000000000000e+01 3.248743300000000289e+01 1.059636292549777759e+00 2.251110901871980485e-03
7.400000000000000000e+01 3.307646700000000095e+01 1.024682996918385713e+00 2.224935193710678508e-03
7.500000000000000000e+01 3.366470000000000340e+01 1.014675151164714517e+00 2.216209957656911037e-03
7.600000000000000000e+01 3.425365000000000038e+01 1.014753678289198380e+00 2.216209957656911037e-03
7.700000000000000000e+01 3.484315000000000140e+01 1.035798947650885315e+00 2.233660429764445978e-03
7.900000000000000000e+01 3.602089999999999748e+01 1.063719703022941054e+00 2.259836137925747956e-03
8.100000000000000000e+01 3.719888300000000214e+01 1.068658186629373175e+00 2.259836137925747956e-03
8.200000000000000000e+01 3.778405000000000058e+01 1.064243217186166879e+00 2.259836137925747956e-03
8.300000000000000000e+01 3.836594999999999800e+01 1.061346438816316295e+00 2.251110901871980485e-03
8.400000000000000000e+01 3.895593300000000170e+01 1.051225164993946137e+00 2.242385665818213015e-03
8.500000000000000000e+01 3.954203300000000354e+01 1.050945957440225564e+00 2.242385665818213015e-03
8.600000000000000000e+01 4.012601699999999738e+01 1.057926146283239444e+00 2.251110901871980485e-03
8.700000000000000000e+01 4.070743300000000175e+01 1.058301331433551429e+00 2.251110901871980485e-03
8.800000000000000000e+01 4.129375000000000284e+01 1.065133191263651247e+00 2.259836137925747956e-03
8.900000000000000000e+01 4.188136699999999735e+01 1.068544758560674213e+00 2.259836137925747956e-03
9.000000000000000000e+01 4.246951700000000329e+01 1.070455585256449460e+00 2.259836137925747956e-03
9.100000000000000000e+01 4.305766700000000213e+01 1.068370253839598938e+00 2.259836137925747956e-03
9.200000000000000000e+01 4.364216700000000060e+01 1.069129349376276794e+00 2.259836137925747956e-03
9.300000000000000000e+01 4.423238299999999867e+01 1.076388745773011246e+00 2.268561373979515426e-03
9.400000000000000000e+01 4.482209999999999894e+01 1.079529830752367525e+00 2.268561373979515426e-03
9.500000000000000000e+01 4.541181699999999921e+01 1.076667953326731819e+00 2.268561373979515426e-03
9.700000000000000000e+01 4.659148299999999665e+01 1.084075678736380111e+00 2.268561373979515426e-03
9.800000000000000000e+01 4.717414999999999736e+01 1.076257867232204735e+00 2.268561373979515426e-03
9.900000000000000000e+01 4.775996700000000317e+01 1.074294689120107060e+00 2.259836137925747956e-03
1.000000000000000000e+02 4.835098299999999938e+01 1.077051863713097468e+00 2.268561373979515426e-03
1.010000000000000000e+02 4.894198300000000046e+01 1.079180821310216754e+00 2.277286610033282463e-03
1.030000000000000000e+02 5.012113300000000038e+01 1.071328108861826056e+00 2.277286610033282463e-03
1.040000000000000000e+02 5.070981700000000103e+01 1.085995230668209022e+00 2.286011846087049933e-03
1.050000000000000000e+02 5.129951700000000159e+01 1.033268629195292831e+00 2.242385665818213015e-03
1.060000000000000000e+02 5.188949999999999818e+01 9.997549975127724142e-01 2.207484721603143567e-03
1.070000000000000000e+02 5.247868299999999664e+01 1.080629210495142045e+00 2.277286610033282463e-03
1.090000000000000000e+02 5.365261699999999934e+01 1.083412560796293889e+00 2.286011846087049933e-03
1.100000000000000000e+02 5.424101699999999937e+01 1.060473915210939477e+00 2.259836137925747956e-03
1.120000000000000000e+02 5.540481700000000131e+01 9.780902363912680197e-01 2.181309013441841589e-03
1.130000000000000000e+02 5.599296700000000016e+01 1.046426285164373970e+00 2.242385665818213015e-03
1.140000000000000000e+02 5.658266700000000071e+01 1.032823642156550648e+00 2.233660429764445978e-03
1.150000000000000000e+02 5.717158299999999826e+01 1.020791541638405464e+00 2.224935193710678508e-03
1.170000000000000000e+02 5.834943299999999766e+01 1.040109214261446535e+00 2.242385665818213015e-03
1.180000000000000000e+02 5.893809999999999860e+01 1.030284598464904500e+00 2.233660429764445978e-03
1.190000000000000000e+02 5.952573300000000245e+01 1.060447739502778264e+00 2.259836137925747956e-03
1.200000000000000000e+02 6.014901700000000062e+01 1.053109815981559727e+00 2.251110901871980485e-03
1.210000000000000000e+02 6.072829999999999728e+01 1.058013398643777192e+00 2.251110901871980485e-03
1.220000000000000000e+02 6.130760000000000076e+01 1.032526984130722525e+00 2.233660429764445978e-03
1.240000000000000000e+02 6.248076700000000017e+01 1.015512773825876236e+00 2.216209957656911037e-03
1.250000000000000000e+02 6.307019999999999982e+01 9.613814093483035172e-01 2.172583777388074119e-03
1.260000000000000000e+02 6.365236699999999814e+01 9.354587330325606631e-01 2.146408069226772141e-03
1.410000000000000000e+02 7.245786699999999314e+01 6.982108394945721885e-01 1.910826695775053258e-03
1.440000000000000000e+02 7.422646699999999953e+01 8.389576222778936110e-01 2.059155708689098304e-03
1.450000000000000000e+02 7.487631700000000023e+01 9.979401484135888012e-01 2.198759485549376530e-03
1.460000000000000000e+02 7.545534999999999570e+01 1.017493402410081460e+00 2.216209957656911037e-03
1.470000000000000000e+02 7.608774999999999977e+01 1.000025479830439101e+00 2.198759485549376530e-03
1.480000000000000000e+02 7.671833300000000122e+01 1.004213593136247473e+00 2.207484721603143567e-03
1.490000000000000000e+02 7.735438299999999856e+01 1.006569406870764682e+00 2.207484721603143567e-03
1.500000000000000000e+02 7.793341700000000571e+01 1.025346114858472157e+00 2.224935193710678508e-03
1.510000000000000000e+02 7.857051699999999528e+01 1.036732547908638447e+00 2.233660429764445978e-03
1.530000000000000000e+02 7.974081700000000694e+01 1.051992985766677657e+00 2.242385665818213015e-03
1.540000000000000000e+02 8.032661699999999882e+01 1.073500692639214105e+00 2.259836137925747956e-03
1.550000000000000000e+02 8.091528300000000229e+01 1.073439615986837792e+00 2.268561373979515426e-03
1.560000000000000000e+02 8.150081699999999785e+01 6.992055164047016325e-01 1.867200515506216340e-03
1.570000000000000000e+02 8.208844999999999459e+01 1.061599470661875433e+00 2.251110901871980485e-03
1.580000000000000000e+02 8.267763300000000015e+01 1.074198711523515648e+00 2.268561373979515426e-03
1.590000000000000000e+02 8.326708299999999952e+01 1.003166564809795380e+00 2.198759485549376530e-03
1.610000000000000000e+02 8.444519999999999982e+01 9.571322193901188324e-01 2.155133305280539611e-03
1.760000000000000000e+02 9.325329999999999586e+01 8.400221010764532537e-01 2.050430472635331267e-03
1.770000000000000000e+02 9.384221700000000510e+01 9.239501466776415262e-01 2.128957597119237634e-03
1.780000000000000000e+02 9.443036700000000394e+01 9.870510538184871230e-01 2.181309013441841589e-03
1.790000000000000000e+02 9.501928300000000149e+01 1.002913532964236243e+00 2.198759485549376530e-03
1.800000000000000000e+02 9.560795000000000243e+01 1.064880159418092109e+00 2.251110901871980485e-03
1.810000000000000000e+02 9.619844999999999402e+01 1.066799711349920798e+00 2.251110901871980485e-03
1.820000000000000000e+02 9.678893300000000011e+01 1.080742638563841007e+00 2.268561373979515426e-03
1.830000000000000000e+02 9.737866699999999298e+01 1.069984422509545841e+00 2.251110901871980485e-03
1.840000000000000000e+02 9.796939999999999316e+01 1.082714541911992567e+00 2.268561373979515426e-03
1.860000000000000000e+02 9.915089999999999293e+01 1.072863750407289096e+00 2.259836137925747956e-03
1.870000000000000000e+02 9.974191700000000083e+01 1.067759487315835143e+00 2.251110901871980485e-03
1.880000000000000000e+02 1.003316329999999965e+02 1.065831210147952568e+00 2.251110901871980485e-03
1.890000000000000000e+02 1.009221170000000001e+02 1.054139393835904270e+00 2.242385665818213015e-03
1.900000000000000000e+02 1.015115669999999994e+02 1.041243494948436155e+00 2.233660429764445978e-03
1.930000000000000000e+02 1.032762830000000065e+02 9.371601540630453142e-01 2.137682833173004671e-03
1.940000000000000000e+02 1.038589499999999930e+02 9.468277156106195136e-01 2.146408069226772141e-03
1.960000000000000000e+02 1.050237999999999943e+02 1.021149276316609900e+00 2.216209957656911037e-03
1.970000000000000000e+02 1.056077829999999977e+02 1.049148558813149501e+00 2.242385665818213015e-03
1.990000000000000000e+02 1.067866829999999965e+02 1.075961209206376612e+00 2.259836137925747956e-03
2.000000000000000000e+02 1.073685669999999988e+02 1.086457668179058755e+00 2.268561373979515426e-03
2.010000000000000000e+02 1.079569670000000059e+02 1.102180543547947478e+00 2.286011846087049933e-03
2.020000000000000000e+02 1.085464170000000053e+02 1.094729191958030201e+00 2.277286610033282463e-03
2.030000000000000000e+02 1.091366500000000030e+02 1.103986667411077427e+00 2.286011846087049933e-03
2.050000000000000000e+02 1.103080000000000069e+02 1.090968615218856463e+00 2.277286610033282463e-03
2.060000000000000000e+02 1.108977000000000004e+02 1.086501294359327519e+00 2.268561373979515426e-03
2.070000000000000000e+02 1.114863830000000036e+02 1.094772818138298964e+00 2.277286610033282463e-03
2.080000000000000000e+02 1.120674829999999957e+02 1.090916263802533814e+00 2.277286610033282463e-03
2.100000000000000000e+02 1.132380500000000012e+02 1.090558529124329379e+00 2.277286610033282463e-03
2.120000000000000000e+02 1.144086170000000067e+02 1.073343638390246380e+00 2.259836137925747956e-03
2.130000000000000000e+02 1.149964829999999978e+02 1.070333431951696612e+00 2.251110901871980485e-03
2.140000000000000000e+02 1.155872329999999977e+02 1.056809316068357152e+00 2.242385665818213015e-03
2.160000000000000000e+02 1.167622170000000068e+02 1.042944915978920806e+00 2.233660429764445978e-03
2.170000000000000000e+02 1.173508999999999958e+02 1.045675914863750000e+00 2.233660429764445978e-03
2.180000000000000000e+02 1.179421669999999978e+02 1.050195587139601594e+00 2.233660429764445978e-03
2.190000000000000000e+02 1.185300670000000025e+02 1.060718221820444951e+00 2.242385665818213015e-03
2.200000000000000000e+02 1.191187330000000060e+02 1.050317740444354220e+00 2.233660429764445978e-03
2.210000000000000000e+02 1.197084329999999994e+02 1.030703409795485248e+00 2.216209957656911037e-03
2.220000000000000000e+02 1.202981330000000071e+02 1.003690078973021427e+00 2.190034249495609060e-03
2.230000000000000000e+02 1.208829000000000065e+02 1.015137588675564251e+00 2.198759485549376530e-03
2.240000000000000000e+02 1.214715499999999935e+02 1.036575493659670721e+00 2.224935193710678508e-03
2.250000000000000000e+02 1.220610170000000068e+02 1.043337551601340341e+00 2.224935193710678508e-03
2.270000000000000000e+02 1.232386000000000053e+02 6.445593629999566421e-01 1.797398627076077443e-03
2.290000000000000000e+02 1.244167000000000058e+02 1.042369050399372110e+00 2.224935193710678508e-03
2.310000000000000000e+02 1.255875170000000054e+02 1.047098128340514078e+00 2.233660429764445978e-03
2.320000000000000000e+02 1.261720169999999968e+02 9.900263593128217909e-01 2.181309013441841589e-03
2.350000000000000000e+02 1.279393170000000026e+02 9.624546133829169348e-01 2.155133305280539611e-03
2.380000000000000000e+02 1.297058499999999981e+02 1.039576974862166603e+00 2.224935193710678508e-03
2.400000000000000000e+02 1.308857830000000035e+02 1.034594865075465497e+00 2.224935193710678508e-03
2.410000000000000000e+02 1.314755000000000109e+02 1.011490440005089475e+00 2.198759485549376530e-03
2.420000000000000000e+02 1.320662499999999966e+02 9.933681247214146692e-01 2.181309013441841589e-03
2.430000000000000000e+02 1.326567330000000027e+02 9.652815898643375414e-01 2.155133305280539611e-03
2.440000000000000000e+02 1.332464329999999961e+02 9.637023221386056271e-01 2.155133305280539611e-03
2.460000000000000000e+02 1.344209170000000029e+02 8.806729758509553863e-01 2.076606180796633245e-03
2.490000000000000000e+02 1.361869000000000085e+02 7.699322798565400028e-01 1.971903348151424901e-03
2.730000000000000000e+02 1.503338669999999979e+02 4.199281607957158213e-01 1.579267725731893285e-03
3.150000000000000000e+02 1.750687169999999924e+02 6.982021142585184137e-01 1.910826695775053258e-03
3.440000000000000000e+02 1.921364000000000090e+02 4.886219442470262631e-01 1.666520086269566905e-03
3.500000000000000000e+02 1.956728170000000091e+02 7.760137693860158503e-01 1.989353820258959408e-03
3.510000000000000000e+02 1.962633170000000007e+02 7.797132694728131641e-01 1.989353820258959408e-03
3.550000000000000000e+02 1.986216330000000028e+02 8.265241609012751178e-01 2.041705236581563797e-03
3.560000000000000000e+02 1.992113500000000101e+02 7.899043451836134100e-01 2.006804292366494349e-03
3.570000000000000000e+02 1.998013170000000116e+02 8.094052477637835308e-01 2.015529528420261819e-03
3.640000000000000000e+02 2.039293000000000120e+02 9.077910095060643947e-01 2.111507125011702693e-03
3.660000000000000000e+02 2.051006669999999872e+02 8.379629453677640560e-01 2.050430472635331267e-03
