1.800000000000000000e+01 0.000000000000000000e+00 6.851346517678211789e-01 3.199965033372016449e-03
2.600000000000000000e+01 4.717183000000000348e+00 8.392361125258684940e-01 3.401220695848243981e-03
2.700000000000000000e+01 5.304866999999999777e+00 8.728458081593984952e-01 3.441471828343489487e-03
2.900000000000000000e+01 6.481266999999999889e+00 9.640749999598724473e-01 3.521974093333980500e-03
3.100000000000000000e+01 7.657917000000000307e+00 9.671944627282539342e-01 3.542099659581603253e-03
3.200000000000000000e+01 8.374717000000000411e+00 9.352753146595242928e-01 3.501848527086357746e-03
3.300000000000000000e+01 8.953832999999999487e+00 9.497254712253173636e-01 3.501848527086357746e-03
3.400000000000000000e+01 9.532949999999999591e+00 9.727289934463502208e-01 3.542099659581603253e-03
3.500000000000000000e+01 1.011356699999999975e+01 9.592649896266906007e-01 3.521974093333980500e-03
3.600000000000000000e+01 1.069289999999999985e+01 9.598486310478716588e-01 3.521974093333980500e-03
3.700000000000000000e+01 1.127826699999999960e+01 9.540122168360610777e-01 3.521974093333980500e-03
4.000000000000000000e+01 1.304110000000000014e+01 9.689252614255494667e-01 3.521974093333980500e-03
4.100000000000000000e+01 1.363083300000000087e+01 9.776195060445225238e-01 3.542099659581603253e-03
4.200000000000000000e+01 1.422095000000000020e+01 9.896948457930961895e-01 3.542099659581603253e-03
4.300000000000000000e+01 1.481124999999999936e+01 1.009498402980756993e+00 3.562225225829226006e-03
4.400000000000000000e+01 1.544580000000000020e+01 1.006197810116146840e+00 3.562225225829226006e-03
4.500000000000000000e+01 1.602520000000000167e+01 1.014127283217710174e+00 3.582350792076848759e-03
4.800000000000000000e+01 1.777438300000000027e+01 1.013080753772833686e+00 3.562225225829226006e-03
5.000000000000000000e+01 1.895333300000000065e+01 1.020024074128263569e+00 3.582350792076848759e-03
5.100000000000000000e+01 1.954139999999999944e+01 1.006197810116146840e+00 3.562225225829226006e-03
5.200000000000000000e+01 2.013018299999999883e+01 9.870785221809051935e-01 3.542099659581603253e-03
5.300000000000000000e+01 2.072054999999999936e+01 9.772974969845605875e-01 3.521974093333980500e-03
5.600000000000000000e+01 2.248924999999999841e+01 9.593454918916810570e-01 3.521974093333980500e-03
5.700000000000000000e+01 2.307876699999999914e+01 9.738761507224646952e-01 3.521974093333980500e-03
5.800000000000000000e+01 2.375781699999999930e+01 9.961954036910782850e-01 3.542099659581603253e-03
5.900000000000000000e+01 2.433699999999999974e+01 1.020225329790739766e+00 3.562225225829226006e-03
6.000000000000000000e+01 2.491603299999999876e+01 1.022580021041711751e+00 3.582350792076848759e-03
6.300000000000000000e+01 2.665516699999999872e+01 1.047394844225030486e+00 3.602476358324471512e-03
6.400000000000000000e+01 2.723636700000000133e+01 1.057880264240042001e+00 3.622601924572094265e-03
6.500000000000000000e+01 2.781933300000000031e+01 1.057296622818860943e+00 3.622601924572094265e-03
6.700000000000000000e+01 2.898211699999999880e+01 1.055726828651546434e+00 3.602476358324471512e-03
6.800000000000000000e+01 2.956663299999999950e+01 1.071585774854673101e+00 3.622601924572094265e-03
6.900000000000000000e+01 3.015008299999999863e+01 1.069955603988615556e+00 3.642727490819717018e-03
7.000000000000000000e+01 3.073250000000000171e+01 1.062227386549528418e+00 3.622601924572094265e-03
7.100000000000000000e+01 3.131415000000000148e+01 1.076355534055359664e+00 3.642727490819717018e-03
7.200000000000000000e+01 3.189841699999999847e+01 1.061643745128347360e+00 3.622601924572094265e-03
7.300000000000000000e+01 3.248743300000000289e+01 1.060536838984728281e+00 3.622601924572094265e-03
7.400000000000000000e+01 3.307646700000000095e+01 1.025779986075083805e+00 3.582350792076848759e-03
7.500000000000000000e+01 3.366470000000000340e+01 1.009639281944490374e+00 3.562225225829226006e-03
7.600000000000000000e+01 3.425365000000000038e+01 1.004507262551346480e+00 3.542099659581603253e-03
7.700000000000000000e+01 3.484315000000000140e+01 1.032944687659237415e+00 3.582350792076848759e-03
7.900000000000000000e+01 3.602089999999999748e+01 1.058987170383661303e+00 3.622601924572094265e-03
8.100000000000000000e+01 3.719888300000000214e+01 1.066916643485224636e+00 3.622601924572094265e-03
8.200000000000000000e+01 3.778405000000000058e+01 1.063273915994404906e+00 3.622601924572094265e-03
8.300000000000000000e+01 3.836594999999999800e+01 1.063314167126900189e+00 3.622601924572094265e-03
8.400000000000000000e+01 3.895593300000000170e+01 1.049407400849792893e+00 3.602476358324471512e-03
8.500000000000000000e+01 3.954203300000000354e+01 1.043269103144267795e+00 3.602476358324471512e-03
8.600000000000000000e+01 4.012601699999999738e+01 1.054418666845450936e+00 3.622601924572094265e-03
8.700000000000000000e+01 4.070743300000000175e+01 1.050172172367202394e+00 3.602476358324471512e-03
8.800000000000000000e+01 4.129375000000000284e+01 1.061221108237147437e+00 3.622601924572094265e-03
8.900000000000000000e+01 4.188136699999999735e+01 1.059570811804842361e+00 3.622601924572094265e-03
9.000000000000000000e+01 4.246951700000000329e+01 1.067681415002634360e+00 3.622601924572094265e-03
9.100000000000000000e+01 4.305766700000000213e+01 1.077844825957683828e+00 3.642727490819717018e-03
9.200000000000000000e+01 4.364216700000000060e+01 1.075771892634178606e+00 3.642727490819717018e-03
9.300000000000000000e+01 4.423238299999999867e+01 1.072471299769568454e+00 3.622601924572094265e-03
9.400000000000000000e+01 4.482209999999999894e+01 1.079696378052465100e+00 3.642727490819717018e-03
9.500000000000000000e+01 4.541181699999999921e+01 1.064582077800500404e+00 3.622601924572094265e-03
9.700000000000000000e+01 4.659148299999999665e+01 1.072310295239587541e+00 3.622601924572094265e-03
9.800000000000000000e+01 4.717414999999999736e+01 1.074222224033111628e+00 3.622601924572094265e-03
9.900000000000000000e+01 4.775996700000000317e+01 1.083157975447056165e+00 3.642727490819717018e-03
1.000000000000000000e+02 4.835098299999999938e+01 1.083137849880808634e+00 3.642727490819717018e-03
1.010000000000000000e+02 4.894198300000000046e+01 1.076496413019093046e+00 3.662853057067339772e-03
1.030000000000000000e+02 5.012113300000000038e+01 1.073578205913187755e+00 3.682978623314962525e-03
1.040000000000000000e+02 5.070981700000000103e+01 1.081225921087284325e+00 3.662853057067339772e-03
1.050000000000000000e+02 5.129951700000000159e+01 1.034111970501599531e+00 3.622601924572094265e-03
1.060000000000000000e+02 5.188949999999999818e+01 9.866760108559526898e-01 3.562225225829226006e-03
1.070000000000000000e+02 5.247868299999999664e+01 1.081185669954789264e+00 3.662853057067339772e-03
1.090000000000000000e+02 5.365261699999999934e+01 1.077623444728959878e+00 3.662853057067339772e-03
1.100000000000000000e+02 5.424101699999999937e+01 1.065125468089186178e+00 3.662853057067339772e-03
1.120000000000000000e+02 5.540481700000000131e+01 9.686636290643303449e-01 3.542099659581603253e-03
1.130000000000000000e+02 5.599296700000000016e+01 1.050755813788383453e+00 3.622601924572094265e-03
1.140000000000000000e+02 5.658266700000000071e+01 1.028315807422284234e+00 3.602476358324471512e-03
1.150000000000000000e+02 5.717158299999999826e+01 1.025779986075083805e+00 3.602476358324471512e-03
1.170000000000000000e+02 5.834943299999999766e+01 1.044677892781601392e+00 3.622601924572094265e-03
1.180000000000000000e+02 5.893809999999999860e+01 1.036466661752571516e+00 3.602476358324471512e-03
1.190000000000000000e+02 5.952573300000000245e+01 1.060255081057261517e+00 3.642727490819717018e-03
1.200000000000000000e+02 6.014901700000000062e+01 1.044979776275315908e+00 3.622601924572094265e-03
1.210000000000000000e+02 6.072829999999999728e+01 1.060094076527280604e+00 3.642727490819717018e-03
1.220000000000000000e+02 6.130760000000000076e+01 1.032864185394246848e+00 3.602476358324471512e-03
1.240000000000000000e+02 6.248076700000000017e+01 1.021754872825559213e+00 3.602476358324471512e-03
1.250000000000000000e+02 6.307019999999999982e+01 9.601303889753383114e-01 3.521974093333980500e-03
1.260000000000000000e+02 6.365236699999999814e+01 9.243471321870651014e-01 3.481722960838734993e-03
1.410000000000000000e+02 7.245786699999999314e+01 7.029055267644720439e-01 3.220090599619639202e-03
1.440000000000000000e+02 7.422646699999999953e+01 8.349694924813725327e-01 3.381095129600621228e-03
1.450000000000000000e+02 7.487631700000000023e+01 9.909023797679534784e-01 3.542099659581603253e-03
1.460000000000000000e+02 7.545534999999999570e+01 1.016602727866167788e+00 3.582350792076848759e-03
1.470000000000000000e+02 7.608774999999999977e+01 1.004487136985098950e+00 3.562225225829226006e-03
1.480000000000000000e+02 7.671833300000000122e+01 9.902382360817819640e-01 3.542099659581603253e-03
1.490000000000000000e+02 7.735438299999999856e+01 1.013060628206586156e+00 3.562225225829226006e-03
1.500000000000000000e+02 7.793341700000000571e+01 1.032260418406818259e+00 3.582350792076848759e-03
1.510000000000000000e+02 7.857051699999999528e+01 1.032119539443084877e+00 3.582350792076848759e-03
1.530000000000000000e+02 7.974081700000000694e+01 1.040250268207124407e+00 3.602476358324471512e-03
1.540000000000000000e+02 8.032661699999999882e+01 1.065729235076614989e+00 3.622601924572094265e-03
1.550000000000000000e+02 8.091528300000000229e+01 1.068345558688805763e+00 3.622601924572094265e-03
1.560000000000000000e+02 8.150081699999999785e+01 1.006318563513632469e+00 3.542099659581603253e-03
1.570000000000000000e+02 8.208844999999999459e+01 1.057437501782594325e+00 3.602476358324471512e-03
1.580000000000000000e+02 8.267763300000000015e+01 1.076677543115321711e+00 3.642727490819717018e-03
1.590000000000000000e+02 8.326708299999999952e+01 9.994154942906979811e-01 3.542099659581603253e-03
1.610000000000000000e+02 8.444519999999999982e+01 9.583593391455474952e-01 3.501848527086357746e-03
1.760000000000000000e+02 9.325329999999999586e+01 8.398801306457924776e-01 3.360969563352998474e-03
1.770000000000000000e+02 9.384221700000000510e+01 9.061133691667189183e-01 3.421346262095866734e-03
1.780000000000000000e+02 9.443036700000000394e+01 9.866961364222003317e-01 3.521974093333980500e-03
1.790000000000000000e+02 9.501928300000000149e+01 1.000160140241860063e+00 3.542099659581603253e-03
1.800000000000000000e+02 9.560795000000000243e+01 1.065688983944119705e+00 3.602476358324471512e-03
1.810000000000000000e+02 9.619844999999999402e+01 1.071646151553415915e+00 3.622601924572094265e-03
1.820000000000000000e+02 9.678893300000000011e+01 1.078347965113874318e+00 3.622601924572094265e-03
1.830000000000000000e+02 9.737866699999999298e+01 1.078690099740083896e+00 3.622601924572094265e-03
1.840000000000000000e+02 9.796939999999999316e+01 1.067258778111434214e+00 3.602476358324471512e-03
1.860000000000000000e+02 9.915089999999999293e+01 1.077623444728959878e+00 3.622601924572094265e-03
1.870000000000000000e+02 9.974191700000000083e+01 1.064400947704271738e+00 3.602476358324471512e-03
1.880000000000000000e+02 1.003316329999999965e+02 1.072511550902063737e+00 3.622601924572094265e-03
1.890000000000000000e+02 1.009221170000000001e+02 1.058544407926213626e+00 3.602476358324471512e-03
1.900000000000000000e+02 1.015115669999999994e+02 1.038781101871047996e+00 3.582350792076848759e-03
1.930000000000000000e+02 1.032762830000000065e+02 9.378513871392200052e-01 3.461597394591112240e-03
1.940000000000000000e+02 1.038589499999999930e+02 9.495845922615839818e-01 3.461597394591112240e-03
1.960000000000000000e+02 1.050237999999999943e+02 1.015334817192567574e+00 3.542099659581603253e-03
1.970000000000000000e+02 1.056077829999999977e+02 1.045100529672801537e+00 3.582350792076848759e-03
1.990000000000000000e+02 1.067866829999999965e+02 1.068647442182520280e+00 3.622601924572094265e-03
2.000000000000000000e+02 1.073685669999999988e+02 1.088692506165152452e+00 3.642727490819717018e-03
2.010000000000000000e+02 1.079569670000000059e+02 1.092858498378410426e+00 3.642727490819717018e-03
2.020000000000000000e+02 1.085464170000000053e+02 1.094468543678220218e+00 3.642727490819717018e-03
2.030000000000000000e+02 1.091366500000000030e+02 1.094649673774448662e+00 3.642727490819717018e-03
2.050000000000000000e+02 1.103080000000000069e+02 1.090302551464962244e+00 3.642727490819717018e-03
2.060000000000000000e+02 1.108977000000000004e+02 1.078186960583893406e+00 3.622601924572094265e-03
2.070000000000000000e+02 1.114863830000000036e+02 1.085895052456732790e+00 3.622601924572094265e-03
2.080000000000000000e+02 1.120674829999999957e+02 1.086156684817952023e+00 3.622601924572094265e-03
2.100000000000000000e+02 1.132380500000000012e+02 1.085432164433037583e+00 3.622601924572094265e-03
2.120000000000000000e+02 1.144086170000000067e+02 1.058725538022442070e+00 3.602476358324471512e-03
2.130000000000000000e+02 1.149964829999999978e+02 1.057860138673794470e+00 3.582350792076848759e-03
2.140000000000000000e+02 1.155872329999999977e+02 1.051520585305793176e+00 3.582350792076848759e-03
2.160000000000000000e+02 1.167622170000000068e+02 1.033669208044151855e+00 3.562225225829226006e-03
2.170000000000000000e+02 1.173508999999999958e+02 1.044376009287887097e+00 3.582350792076848759e-03
2.180000000000000000e+02 1.179421669999999978e+02 1.051721840968269372e+00 3.582350792076848759e-03
2.190000000000000000e+02 1.185300670000000025e+02 1.054962057134136710e+00 3.582350792076848759e-03
2.200000000000000000e+02 1.191187330000000060e+02 1.048240118007430777e+00 3.582350792076848759e-03
2.210000000000000000e+02 1.197084329999999994e+02 1.025417725882626474e+00 3.542099659581603253e-03
2.220000000000000000e+02 1.202981330000000071e+02 1.003802867732679793e+00 3.521974093333980500e-03
2.230000000000000000e+02 1.208829000000000065e+02 1.008431747969632974e+00 3.521974093333980500e-03
2.240000000000000000e+02 1.214715499999999935e+02 1.034977369850247353e+00 3.562225225829226006e-03
2.250000000000000000e+02 1.220610170000000068e+02 1.047153337430059006e+00 3.562225225829226006e-03
2.270000000000000000e+02 1.232386000000000053e+02 6.467149458011093310e-01 2.958458238400543845e-03
2.290000000000000000e+02 1.244167000000000058e+02 1.049749535476002471e+00 3.582350792076848759e-03
2.310000000000000000e+02 1.255875170000000054e+02 1.041981066904420050e+00 3.562225225829226006e-03
2.320000000000000000e+02 1.261720169999999968e+02 9.878231681320672752e-01 3.501848527086357746e-03
2.350000000000000000e+02 1.279393170000000026e+02 9.579367022543474608e-01 3.461597394591112240e-03
2.380000000000000000e+02 1.297058499999999981e+02 1.027772417133598459e+00 3.542099659581603253e-03
2.400000000000000000e+02 1.308857830000000035e+02 1.031274265660684808e+00 3.562225225829226006e-03
2.410000000000000000e+02 1.314755000000000109e+02 1.008854384860832898e+00 3.521974093333980500e-03
2.420000000000000000e+02 1.320662499999999966e+02 9.878030425658196334e-01 3.501848527086357746e-03
2.430000000000000000e+02 1.326567330000000027e+02 9.615593041789195494e-01 3.481722960838734993e-03
2.440000000000000000e+02 1.332464329999999961e+02 9.651416549709963544e-01 3.481722960838734993e-03
2.460000000000000000e+02 1.344209170000000029e+02 8.717992787145221190e-01 3.360969563352998474e-03
2.490000000000000000e+02 1.361869000000000085e+02 7.668041996006742522e-01 3.240216165867261956e-03
2.730000000000000000e+02 1.503338669999999979e+02 4.107024304152373517e-01 2.777328142171939067e-03
3.150000000000000000e+02 1.750687169999999924e+02 6.946942957354419468e-01 3.199965033372016449e-03
3.440000000000000000e+02 1.921364000000000090e+02 4.891518876484708400e-01 2.877955973410052833e-03
3.500000000000000000e+02 1.956728170000000091e+02 7.721173490900467007e-01 3.280467298362507462e-03
3.510000000000000000e+02 1.962633170000000007e+02 7.797851898303909124e-01 3.280467298362507462e-03
3.550000000000000000e+02 1.986216330000000028e+02 8.232161617927608033e-01 3.340843997105375721e-03
3.560000000000000000e+02 1.992113500000000101e+02 7.928869334575933125e-01 3.320718430857752968e-03
3.570000000000000000e+02 1.998013170000000116e+02 8.082024893720342051e-01 3.320718430857752968e-03
3.640000000000000000e+02 2.039293000000000120e+02 9.070592707803571964e-01 3.441471828343489487e-03
3.660000000000000000e+02 2.051006669999999872e+02 8.352109992763439017e-01 3.360969563352998474e-03
