1.800000000000000000e+01 0.000000000000000000e+00 6.741732900497082737e-01 4.447398498581699340e-03
2.600000000000000000e+01 4.717183000000000348e+00 8.419317775329737685e-01 4.676308715420463870e-03
2.700000000000000000e+01 5.304866999999999777e+00 8.584460146049132101e-01 4.676308715420463870e-03
2.900000000000000000e+01 6.481266999999999889e+00 9.625674618070023669e-01 4.807114553614042982e-03
3.100000000000000000e+01 7.657917000000000307e+00 9.606053742340987522e-01 4.807114553614042982e-03
3.200000000000000000e+01 8.374717000000000411e+00 9.349347284886088127e-01 4.774413094065648420e-03
3.300000000000000000e+01 8.953832999999999487e+00 9.467399553855793126e-01 4.774413094065648420e-03
3.400000000000000000e+01 9.532949999999999591e+00 9.818613229405553922e-01 4.807114553614042982e-03
3.500000000000000000e+01 1.011356699999999975e+01 9.595589275285500985e-01 4.774413094065648420e-03
3.600000000000000000e+01 1.069289999999999985e+01 9.727703171861016296e-01 4.807114553614042982e-03
3.700000000000000000e+01 1.127826699999999960e+01 9.442873459194497388e-01 4.774413094065648420e-03
4.000000000000000000e+01 1.304110000000000014e+01 9.664916369528098183e-01 4.774413094065648420e-03
4.100000000000000000e+01 1.363083300000000087e+01 9.769234025487477657e-01 4.807114553614042982e-03
4.200000000000000000e+01 1.422095000000000020e+01 9.827442623483619855e-01 4.807114553614042982e-03
4.300000000000000000e+01 1.481124999999999936e+01 1.004752344624431748e+00 4.839816013162437543e-03
4.400000000000000000e+01 1.544580000000000020e+01 1.014366573731659837e+00 4.839816013162437543e-03
4.500000000000000000e+01 1.602520000000000167e+01 1.015445721896756970e+00 4.839816013162437543e-03
4.800000000000000000e+01 1.777438300000000027e+01 1.019042882447080300e+00 4.839816013162437543e-03
5.000000000000000000e+01 1.895333300000000065e+01 1.010507801504949343e+00 4.839816013162437543e-03
5.100000000000000000e+01 1.954139999999999944e+01 1.004229121271657421e+00 4.839816013162437543e-03
5.200000000000000000e+01 2.013018299999999883e+01 9.779371477947479407e-01 4.807114553614042982e-03
5.300000000000000000e+01 2.072054999999999936e+01 9.880746002547503570e-01 4.807114553614042982e-03
5.600000000000000000e+01 2.248924999999999841e+01 9.498138925831284274e-01 4.774413094065648420e-03
5.700000000000000000e+01 2.307876699999999914e+01 9.776755361183607773e-01 4.774413094065648420e-03
5.800000000000000000e+01 2.375781699999999930e+01 1.000730065099979305e+00 4.807114553614042982e-03
5.900000000000000000e+01 2.433699999999999974e+01 1.011456143831852783e+00 4.807114553614042982e-03
6.000000000000000000e+01 2.491603299999999876e+01 1.013254724107014448e+00 4.807114553614042982e-03
6.300000000000000000e+01 2.665516699999999872e+01 1.038434847959278429e+00 4.839816013162437543e-03
6.400000000000000000e+01 2.723636700000000133e+01 1.062470420727348763e+00 4.872517472710832971e-03
6.500000000000000000e+01 2.781933300000000031e+01 1.069206921394318055e+00 4.905218932259227532e-03
6.700000000000000000e+01 2.898211699999999880e+01 1.073785125731093304e+00 4.905218932259227532e-03
6.800000000000000000e+01 2.956663299999999950e+01 1.059952408342122343e+00 4.872517472710832971e-03
6.900000000000000000e+01 3.015008299999999863e+01 1.078363330067868553e+00 4.905218932259227532e-03
7.000000000000000000e+01 3.073250000000000171e+01 1.079017359258836573e+00 4.905218932259227532e-03
7.100000000000000000e+01 3.131415000000000148e+01 1.080717835155353024e+00 4.905218932259227532e-03
7.200000000000000000e+01 3.189841699999999847e+01 1.063255255756510254e+00 4.872517472710832971e-03
7.300000000000000000e+01 3.248743300000000289e+01 1.059298379151154323e+00 4.872517472710832971e-03
7.400000000000000000e+01 3.307646700000000095e+01 1.033725837784309709e+00 4.839816013162437543e-03
7.500000000000000000e+01 3.366470000000000340e+01 1.020514448126758067e+00 4.839816013162437543e-03
7.600000000000000000e+01 3.425365000000000038e+01 1.019598807259403106e+00 4.839816013162437543e-03
7.700000000000000000e+01 3.484315000000000140e+01 1.040527741370375736e+00 4.839816013162437543e-03
7.900000000000000000e+01 3.602089999999999748e+01 1.059559990827541487e+00 4.872517472710832971e-03
8.100000000000000000e+01 3.719888300000000214e+01 1.068650996581995249e+00 4.905218932259227532e-03
8.200000000000000000e+01 3.778405000000000058e+01 1.061947197374574436e+00 4.872517472710832971e-03
8.300000000000000000e+01 3.836594999999999800e+01 1.062241510510509857e+00 4.872517472710832971e-03
8.400000000000000000e+01 3.895593300000000170e+01 1.066034879818123615e+00 4.872517472710832971e-03
8.500000000000000000e+01 3.954203300000000354e+01 1.056976575523218331e+00 4.872517472710832971e-03
8.600000000000000000e+01 4.012601699999999738e+01 1.075093184113029121e+00 4.905218932259227532e-03
8.700000000000000000e+01 4.070743300000000175e+01 1.059298379151154323e+00 4.872517472710832971e-03
8.800000000000000000e+01 4.129375000000000284e+01 1.061227765264509681e+00 4.872517472710832971e-03
8.900000000000000000e+01 4.188136699999999735e+01 1.054622070435733860e+00 4.872517472710832971e-03
9.000000000000000000e+01 4.246951700000000329e+01 1.069860950585285853e+00 4.905218932259227532e-03
9.100000000000000000e+01 4.305766700000000213e+01 1.072280858591867059e+00 4.905218932259227532e-03
9.200000000000000000e+01 4.364216700000000060e+01 1.070057159342576281e+00 4.872517472710832971e-03
9.300000000000000000e+01 4.423238299999999867e+01 1.086505993495418876e+00 4.905218932259227532e-03
9.400000000000000000e+01 4.482209999999999894e+01 1.077840106715094226e+00 4.872517472710832971e-03
9.500000000000000000e+01 4.541181699999999921e+01 1.072771380485093129e+00 4.872517472710832971e-03
9.700000000000000000e+01 4.659148299999999665e+01 1.086571396414515611e+00 4.905218932259227532e-03
9.800000000000000000e+01 4.717414999999999736e+01 1.089449124854774409e+00 4.905218932259227532e-03
9.900000000000000000e+01 4.775996700000000317e+01 1.082483713970966432e+00 4.905218932259227532e-03
1.000000000000000000e+02 4.835098299999999938e+01 1.086178978899934977e+00 4.905218932259227532e-03
1.010000000000000000e+02 4.894198300000000046e+01 1.078723046122900930e+00 4.970621851356017522e-03
1.030000000000000000e+02 5.012113300000000038e+01 1.084642010301160475e+00 5.003323310904412083e-03
1.040000000000000000e+02 5.070981700000000103e+01 1.081895087699095148e+00 4.970621851356017522e-03
1.050000000000000000e+02 5.129951700000000159e+01 1.032777495457406047e+00 4.905218932259227532e-03
1.060000000000000000e+02 5.188949999999999818e+01 9.911812389118479505e-01 4.872517472710832971e-03
1.070000000000000000e+02 5.247868299999999664e+01 1.088468081068322491e+00 4.970621851356017522e-03
1.090000000000000000e+02 5.365261699999999934e+01 1.085296039492128273e+00 4.970621851356017522e-03
1.100000000000000000e+02 5.424101699999999937e+01 1.074733468057996744e+00 4.937920391807622093e-03
1.120000000000000000e+02 5.540481700000000131e+01 9.786565799048126957e-01 4.839816013162437543e-03
1.130000000000000000e+02 5.599296700000000016e+01 1.062045301753219650e+00 4.905218932259227532e-03
1.140000000000000000e+02 5.658266700000000071e+01 1.047362346415990242e+00 4.905218932259227532e-03
1.150000000000000000e+02 5.717158299999999826e+01 1.031502138535018709e+00 4.872517472710832971e-03
1.170000000000000000e+02 5.834943299999999766e+01 1.048670404797926059e+00 4.905218932259227532e-03
1.180000000000000000e+02 5.893809999999999860e+01 1.034085553839341864e+00 4.872517472710832971e-03
1.190000000000000000e+02 5.952573300000000245e+01 1.064007389326123265e+00 4.937920391807622093e-03
1.200000000000000000e+02 6.014901700000000062e+01 1.051613536157281592e+00 4.905218932259227532e-03
1.210000000000000000e+02 6.072829999999999728e+01 1.063124449918316561e+00 4.905218932259227532e-03
1.220000000000000000e+02 6.130760000000000076e+01 1.027839575065598421e+00 4.872517472710832971e-03
1.240000000000000000e+02 6.248076700000000017e+01 1.017505913848305799e+00 4.872517472710832971e-03
1.250000000000000000e+02 6.307019999999999982e+01 9.557328567613878612e-01 4.807114553614042982e-03
1.260000000000000000e+02 6.365236699999999814e+01 9.369295175210607951e-01 4.774413094065648420e-03
1.410000000000000000e+02 7.245786699999999314e+01 6.896410804160989505e-01 4.480099958130094769e-03
1.440000000000000000e+02 7.422646699999999953e+01 8.098843471755468038e-01 4.610905796323673880e-03
1.450000000000000000e+02 7.487631700000000023e+01 1.001187885533656674e+00 4.839816013162437543e-03
1.460000000000000000e+02 7.545534999999999570e+01 1.019468001421209413e+00 4.839816013162437543e-03
1.470000000000000000e+02 7.608774999999999977e+01 9.983101570933979874e-01 4.807114553614042982e-03
1.480000000000000000e+02 7.671833300000000122e+01 9.969039943328169562e-01 4.807114553614042982e-03
1.490000000000000000e+02 7.735438299999999856e+01 1.005112060679464125e+00 4.807114553614042982e-03
1.500000000000000000e+02 7.793341700000000571e+01 1.027152844415082145e+00 4.839816013162437543e-03
1.510000000000000000e+02 7.857051699999999528e+01 1.029965169936244207e+00 4.839816013162437543e-03
1.530000000000000000e+02 7.974081700000000694e+01 1.039154280069343184e+00 4.839816013162437543e-03
1.540000000000000000e+02 8.032661699999999882e+01 1.075976123520835825e+00 4.905218932259227532e-03
1.550000000000000000e+02 8.091528300000000229e+01 1.071659530860447518e+00 4.905218932259227532e-03
1.560000000000000000e+02 8.150081699999999785e+01 9.906580155590736236e-01 4.741711634517252992e-03
1.570000000000000000e+02 8.208844999999999459e+01 1.060769944830832090e+00 4.872517472710832971e-03
1.580000000000000000e+02 8.267763300000000015e+01 1.084740114679805467e+00 4.905218932259227532e-03
1.590000000000000000e+02 8.326708299999999952e+01 1.004817747543528483e+00 4.807114553614042982e-03
1.610000000000000000e+02 8.444519999999999982e+01 9.622404472115184682e-01 4.774413094065648420e-03
1.760000000000000000e+02 9.325329999999999586e+01 8.243056908363889379e-01 4.578204336775279319e-03
1.770000000000000000e+02 9.384221700000000510e+01 9.122399155620227740e-01 4.676308715420463870e-03
1.780000000000000000e+02 9.443036700000000394e+01 9.908869257759123084e-01 4.774413094065648420e-03
1.790000000000000000e+02 9.501928300000000149e+01 9.964461738991394757e-01 4.774413094065648420e-03
1.800000000000000000e+02 9.560795000000000243e+01 1.056845769685024861e+00 4.839816013162437543e-03
1.810000000000000000e+02 9.619844999999999402e+01 1.063582270351994152e+00 4.839816013162437543e-03
1.820000000000000000e+02 9.678893300000000011e+01 1.070678487073995822e+00 4.839816013162437543e-03
1.830000000000000000e+02 9.737866699999999298e+01 1.078396031527417032e+00 4.872517472710832971e-03
1.840000000000000000e+02 9.796939999999999316e+01 1.069828249125737596e+00 4.839816013162437543e-03
1.860000000000000000e+02 9.915089999999999293e+01 1.067702654255091810e+00 4.839816013162437543e-03
1.870000000000000000e+02 9.974191700000000083e+01 1.053804533947024114e+00 4.839816013162437543e-03
1.880000000000000000e+02 1.003316329999999965e+02 1.060312124397154721e+00 4.839816013162437543e-03
1.890000000000000000e+02 1.009221170000000001e+02 1.060246721478057763e+00 4.839816013162437543e-03
1.900000000000000000e+02 1.015115669999999994e+02 1.038336743580633215e+00 4.807114553614042982e-03
1.930000000000000000e+02 1.032762830000000065e+02 9.349347284886088127e-01 4.676308715420463870e-03
1.940000000000000000e+02 1.038589499999999930e+02 9.413769160196425734e-01 4.676308715420463870e-03
1.960000000000000000e+02 1.050237999999999943e+02 1.011129129236368662e+00 4.774413094065648420e-03
1.970000000000000000e+02 1.056077829999999977e+02 1.044321110677989495e+00 4.839816013162437543e-03
1.990000000000000000e+02 1.067866829999999965e+02 1.075878019142190611e+00 4.872517472710832971e-03
2.000000000000000000e+02 1.073685669999999988e+02 1.091607421184968452e+00 4.872517472710832971e-03
2.010000000000000000e+02 1.079569670000000059e+02 1.094288940867936821e+00 4.905218932259227532e-03
2.020000000000000000e+02 1.085464170000000053e+02 1.091116899291742603e+00 4.872517472710832971e-03
2.030000000000000000e+02 1.091366500000000030e+02 1.101319754670841755e+00 4.905218932259227532e-03
2.050000000000000000e+02 1.103080000000000069e+02 1.077676599417352277e+00 4.839816013162437543e-03
2.060000000000000000e+02 1.108977000000000004e+02 1.085492248249418701e+00 4.872517472710832971e-03
2.070000000000000000e+02 1.114863830000000036e+02 1.087225425605483631e+00 4.872517472710832971e-03
2.080000000000000000e+02 1.120674829999999957e+02 1.090168556964839164e+00 4.872517472710832971e-03
2.100000000000000000e+02 1.132380500000000012e+02 1.069533935989801954e+00 4.839816013162437543e-03
2.120000000000000000e+02 1.144086170000000067e+02 1.068618295122446993e+00 4.839816013162437543e-03
2.130000000000000000e+02 1.149964829999999978e+02 1.064824925814833012e+00 4.839816013162437543e-03
2.140000000000000000e+02 1.155872329999999977e+02 1.039088877150246448e+00 4.807114553614042982e-03
2.160000000000000000e+02 1.167622170000000068e+02 1.032908301295599740e+00 4.807114553614042982e-03
2.170000000000000000e+02 1.173508999999999958e+02 1.033889345082051658e+00 4.774413094065648420e-03
2.180000000000000000e+02 1.179421669999999978e+02 1.043438171270182790e+00 4.807114553614042982e-03
2.190000000000000000e+02 1.185300670000000025e+02 1.050992208425862051e+00 4.807114553614042982e-03
2.200000000000000000e+02 1.191187330000000060e+02 1.040331532613085308e+00 4.807114553614042982e-03
2.210000000000000000e+02 1.197084329999999994e+02 1.034772284489858141e+00 4.807114553614042982e-03
2.220000000000000000e+02 1.202981330000000071e+02 1.006223910304109515e+00 4.741711634517252992e-03
2.230000000000000000e+02 1.208829000000000065e+02 1.007008745333271005e+00 4.741711634517252992e-03
2.240000000000000000e+02 1.214715499999999935e+02 1.018585062013402709e+00 4.774413094065648420e-03
2.250000000000000000e+02 1.220610170000000068e+02 1.040298831153537051e+00 4.774413094065648420e-03
2.270000000000000000e+02 1.232386000000000053e+02 6.378092670318931123e-01 4.054980984000961138e-03
2.290000000000000000e+02 1.244167000000000058e+02 1.046119690953151160e+00 4.807114553614042982e-03
2.310000000000000000e+02 1.255875170000000054e+02 1.033791240703406444e+00 4.774413094065648420e-03
2.320000000000000000e+02 1.261720169999999968e+02 9.899058819894605010e-01 4.741711634517252992e-03
2.350000000000000000e+02 1.279393170000000026e+02 9.637774158102929700e-01 4.676308715420463870e-03
2.380000000000000000e+02 1.297058499999999981e+02 1.029638155340760308e+00 4.774413094065648420e-03
2.400000000000000000e+02 1.308857830000000035e+02 1.015576527734950441e+00 4.774413094065648420e-03
2.410000000000000000e+02 1.314755000000000109e+02 1.008774624148884413e+00 4.741711634517252992e-03
2.420000000000000000e+02 1.320662499999999966e+02 9.863741243582339058e-01 4.709010174968858431e-03
2.430000000000000000e+02 1.326567330000000027e+02 9.485385356607409779e-01 4.676308715420463870e-03
2.440000000000000000e+02 1.332464329999999961e+02 9.608996873700342833e-01 4.709010174968858431e-03
2.460000000000000000e+02 1.344209170000000029e+02 8.715592998838195271e-01 4.578204336775279319e-03
2.490000000000000000e+02 1.361869000000000085e+02 7.628269468854066426e-01 4.447398498581699340e-03
2.730000000000000000e+02 1.503338669999999979e+02 4.206715756305513532e-01 4.054980984000961138e-03
3.150000000000000000e+02 1.750687169999999924e+02 6.916685709080995226e-01 4.480099958130094769e-03
3.440000000000000000e+02 1.921364000000000090e+02 4.752503116168223518e-01 4.087682443549356566e-03
3.500000000000000000e+02 1.956728170000000091e+02 7.696942533905696271e-01 4.512801417678489330e-03
3.510000000000000000e+02 1.962633170000000007e+02 7.718852511803120375e-01 4.512801417678489330e-03
3.550000000000000000e+02 1.986216330000000028e+02 8.302246550146484827e-01 4.610905796323673880e-03
3.560000000000000000e+02 1.992113500000000101e+02 7.803222277437978915e-01 4.545502877226883891e-03
3.570000000000000000e+02 1.998013170000000116e+02 7.985042392527054167e-01 4.545502877226883891e-03
3.640000000000000000e+02 2.039293000000000120e+02 9.031162083480205327e-01 4.709010174968858431e-03
3.660000000000000000e+02 2.051006669999999872e+02 8.281317616035511753e-01 4.610905796323673880e-03
