1.800000000000000000e+01 0.000000000000000000e+00 6.705780603538954443e-01 1.733596690119445782e-01
2.600000000000000000e+01 4.717183000000000348e+00 6.686730090460718534e-01 1.676445150884738611e-01
2.700000000000000000e+01 5.304866999999999777e+00 7.848811388233094544e-01 1.676445150884738611e-01
2.900000000000000000e+01 6.481266999999999889e+00 7.658306257450737675e-01 1.600243098571796085e-01
3.100000000000000000e+01 7.657917000000000307e+00 1.228758093546200580e+00 1.619293611650031717e-01
3.200000000000000000e+01 8.374717000000000411e+00 9.048993712161941261e-01 1.619293611650031717e-01
3.300000000000000000e+01 8.953832999999999487e+00 1.057303475842079399e+00 1.619293611650031717e-01
3.400000000000000000e+01 9.532949999999999591e+00 9.334751408335476563e-01 1.600243098571796085e-01
3.500000000000000000e+01 1.011356699999999975e+01 1.007772141838666702e+00 1.600243098571796085e-01
3.600000000000000000e+01 1.069289999999999985e+01 9.315700895257240655e-01 1.600243098571796085e-01
3.700000000000000000e+01 1.127826699999999960e+01 1.203992426544494121e+00 1.619293611650031717e-01
4.000000000000000000e+01 1.304110000000000014e+01 7.715457796685445402e-01 1.581192585493560177e-01
4.100000000000000000e+01 1.363083300000000087e+01 9.620509104509011866e-01 1.581192585493560177e-01
4.200000000000000000e+01 1.422095000000000020e+01 8.172670110563100554e-01 1.581192585493560177e-01
4.300000000000000000e+01 1.481124999999999936e+01 1.083974194151609449e+00 1.562142072415324545e-01
4.400000000000000000e+01 1.544580000000000020e+01 9.982468852995489694e-01 1.562142072415324545e-01
4.500000000000000000e+01 1.602520000000000167e+01 8.439377293658399948e-01 1.562142072415324545e-01
4.800000000000000000e+01 1.777438300000000027e+01 9.772913209134896917e-01 1.562142072415324545e-01
5.000000000000000000e+01 1.895333300000000065e+01 7.677356770528973584e-01 1.562142072415324545e-01
5.100000000000000000e+01 1.954139999999999944e+01 1.080164091535962267e+00 1.581192585493560177e-01
5.200000000000000000e+01 2.013018299999999883e+01 8.363175241345457422e-01 1.581192585493560177e-01
5.300000000000000000e+01 2.072054999999999936e+01 9.430003973726654998e-01 1.581192585493560177e-01
5.600000000000000000e+01 2.248924999999999841e+01 7.296346508964259847e-01 1.581192585493560177e-01
5.700000000000000000e+01 2.307876699999999914e+01 7.963114466702508887e-01 1.562142072415324545e-01
5.800000000000000000e+01 2.375781699999999930e+01 7.886912414389566361e-01 1.543091559337088914e-01
5.900000000000000000e+01 2.433699999999999974e+01 8.286973189032514897e-01 1.543091559337088914e-01
6.000000000000000000e+01 2.491603299999999876e+01 1.051588321918608848e+00 1.543091559337088914e-01
6.300000000000000000e+01 2.665516699999999872e+01 9.544307052196069341e-01 1.524041046258853283e-01
6.400000000000000000e+01 2.723636700000000133e+01 7.715457796685445402e-01 1.504990533180617651e-01
6.500000000000000000e+01 2.781933300000000031e+01 8.439377293658399948e-01 1.504990533180617651e-01
6.700000000000000000e+01 2.898211699999999880e+01 8.477478319814871766e-01 1.504990533180617651e-01
6.800000000000000000e+01 2.956663299999999950e+01 8.896589607536056210e-01 1.504990533180617651e-01
6.900000000000000000e+01 3.015008299999999863e+01 1.156366143848905015e+00 1.524041046258853283e-01
7.000000000000000000e+01 3.073250000000000171e+01 1.053493373226432439e+00 1.524041046258853283e-01
7.100000000000000000e+01 3.131415000000000148e+01 1.023012552301255207e+00 1.504990533180617651e-01
7.200000000000000000e+01 3.189841699999999847e+01 9.811014235291368735e-01 1.504990533180617651e-01
7.300000000000000000e+01 3.248743300000000289e+01 8.058367032093687321e-01 1.524041046258853283e-01
7.400000000000000000e+01 3.307646700000000095e+01 9.982468852995489694e-01 1.543091559337088914e-01
7.500000000000000000e+01 3.366470000000000340e+01 8.706084476753699342e-01 1.543091559337088914e-01
7.600000000000000000e+01 3.425365000000000038e+01 8.401276267501929240e-01 1.543091559337088914e-01
7.700000000000000000e+01 3.484315000000000140e+01 9.620509104509011866e-01 1.524041046258853283e-01
7.900000000000000000e+01 3.602089999999999748e+01 5.486547766531871817e-01 1.524041046258853283e-01
8.100000000000000000e+01 3.719888300000000214e+01 9.315700895257240655e-01 1.524041046258853283e-01
8.200000000000000000e+01 3.778405000000000058e+01 9.239498842944298129e-01 1.524041046258853283e-01
8.300000000000000000e+01 3.836594999999999800e+01 6.667679577382483735e-01 1.504990533180617651e-01
8.400000000000000000e+01 3.895593300000000170e+01 8.820387555223113685e-01 1.504990533180617651e-01
8.500000000000000000e+01 3.954203300000000354e+01 1.059208527149902990e+00 1.524041046258853283e-01
8.600000000000000000e+01 4.012601699999999738e+01 8.763236015988407068e-01 1.524041046258853283e-01
8.700000000000000000e+01 4.070743300000000175e+01 1.042063065379490894e+00 1.524041046258853283e-01
8.800000000000000000e+01 4.129375000000000284e+01 1.045873167995138076e+00 1.524041046258853283e-01
8.900000000000000000e+01 4.188136699999999735e+01 9.487155512961361614e-01 1.524041046258853283e-01
9.000000000000000000e+01 4.246951700000000329e+01 1.249713657932259636e+00 1.524041046258853283e-01
9.100000000000000000e+01 4.305766700000000213e+01 9.163296790631355604e-01 1.504990533180617651e-01
9.200000000000000000e+01 4.364216700000000060e+01 6.781982655851896968e-01 1.504990533180617651e-01
9.300000000000000000e+01 4.423238299999999867e+01 8.515579345971342473e-01 1.504990533180617651e-01
9.400000000000000000e+01 4.482209999999999894e+01 9.334751408335476563e-01 1.485940020102382020e-01
9.500000000000000000e+01 4.541181699999999921e+01 1.017297398377784656e+00 1.504990533180617651e-01
9.700000000000000000e+01 4.659148299999999665e+01 1.047778219302961666e+00 1.504990533180617651e-01
9.800000000000000000e+01 4.717414999999999736e+01 8.610831911362520907e-01 1.485940020102382020e-01
9.900000000000000000e+01 4.775996700000000317e+01 6.915336247399547220e-01 1.485940020102382020e-01
1.000000000000000000e+02 4.835098299999999938e+01 1.017297398377784656e+00 1.524041046258853283e-01
1.010000000000000000e+02 4.894198300000000046e+01 9.410953460648419089e-01 1.562142072415324545e-01
1.030000000000000000e+02 5.012113300000000038e+01 8.382225754423693331e-01 1.600243098571796085e-01
1.040000000000000000e+02 5.070981700000000103e+01 1.080164091535962267e+00 1.562142072415324545e-01
1.050000000000000000e+02 5.129951700000000159e+01 6.381921881208948433e-01 1.581192585493560177e-01
1.060000000000000000e+02 5.188949999999999818e+01 9.410953460648419089e-01 1.619293611650031717e-01
1.070000000000000000e+02 5.247868299999999664e+01 9.830064748369603533e-01 1.562142072415324545e-01
1.090000000000000000e+02 5.365261699999999934e+01 9.582408078352540048e-01 1.562142072415324545e-01
1.100000000000000000e+02 5.424101699999999937e+01 1.032537808840373161e+00 1.581192585493560177e-01
1.120000000000000000e+02 5.540481700000000131e+01 1.103024707229845136e+00 1.600243098571796085e-01
1.130000000000000000e+02 5.599296700000000016e+01 7.810710362076622726e-01 1.543091559337088914e-01
1.140000000000000000e+02 5.658266700000000071e+01 9.239498842944298129e-01 1.562142072415324545e-01
1.150000000000000000e+02 5.717158299999999826e+01 7.677356770528973584e-01 1.562142072415324545e-01
1.170000000000000000e+02 5.834943299999999766e+01 8.782286529066641867e-01 1.562142072415324545e-01
1.180000000000000000e+02 5.893809999999999860e+01 8.001215492858979594e-01 1.562142072415324545e-01
1.190000000000000000e+02 5.952573300000000245e+01 1.083974194151609449e+00 1.562142072415324545e-01
1.200000000000000000e+02 6.014901700000000062e+01 1.011582244454313884e+00 1.562142072415324545e-01
1.210000000000000000e+02 6.072829999999999728e+01 9.677660643743718483e-01 1.562142072415324545e-01
1.220000000000000000e+02 6.130760000000000076e+01 1.063018629765550171e+00 1.581192585493560177e-01
1.240000000000000000e+02 6.248076700000000017e+01 1.080164091535962267e+00 1.581192585493560177e-01
1.250000000000000000e+02 6.307019999999999982e+01 1.038252962763843712e+00 1.619293611650031717e-01
1.260000000000000000e+02 6.365236699999999814e+01 8.763236015988407068e-01 1.619293611650031717e-01
1.410000000000000000e+02 7.245786699999999314e+01 8.020266005937215503e-01 1.752647203197681414e-01
1.440000000000000000e+02 7.422646699999999953e+01 8.077417545171922120e-01 1.695495663962974242e-01
1.450000000000000000e+02 7.487631700000000023e+01 1.053493373226432439e+00 1.581192585493560177e-01
1.460000000000000000e+02 7.545534999999999570e+01 8.115518571328393937e-01 1.543091559337088914e-01
1.470000000000000000e+02 7.608774999999999977e+01 7.601154718216031059e-01 1.562142072415324545e-01
1.480000000000000000e+02 7.671833300000000122e+01 1.251618709240083227e+00 1.562142072415324545e-01
1.490000000000000000e+02 7.735438299999999856e+01 1.015392347069961065e+00 1.543091559337088914e-01
1.500000000000000000e+02 7.793341700000000571e+01 1.095404501998550773e+00 1.543091559337088914e-01
1.510000000000000000e+02 7.857051699999999528e+01 1.070638834996844535e+00 1.543091559337088914e-01
1.530000000000000000e+02 7.974081700000000694e+01 9.010892686005470553e-01 1.524041046258853283e-01
1.540000000000000000e+02 8.032661699999999882e+01 1.274479324933966096e+00 1.524041046258853283e-01
1.550000000000000000e+02 8.091528300000000229e+01 1.019202449685608247e+00 1.524041046258853283e-01
1.560000000000000000e+02 8.150081699999999785e+01 9.563357565274304140e-01 1.504990533180617651e-01
1.570000000000000000e+02 8.208844999999999459e+01 1.043968116687314485e+00 1.504990533180617651e-01
1.580000000000000000e+02 8.267763300000000015e+01 1.156366143848905015e+00 1.504990533180617651e-01
1.590000000000000000e+02 8.326708299999999952e+01 9.753862696056661008e-01 1.524041046258853283e-01
1.610000000000000000e+02 8.444519999999999982e+01 1.005867090530843111e+00 1.562142072415324545e-01
1.760000000000000000e+02 9.325329999999999586e+01 1.078259040228138677e+00 1.638344124728267348e-01
1.770000000000000000e+02 9.384221700000000510e+01 1.083974194151609449e+00 1.562142072415324545e-01
1.780000000000000000e+02 9.443036700000000394e+01 7.105841378181904089e-01 1.524041046258853283e-01
1.790000000000000000e+02 9.501928300000000149e+01 1.005867090530843111e+00 1.524041046258853283e-01
1.800000000000000000e+02 9.560795000000000243e+01 1.009677193146490293e+00 1.485940020102382020e-01
1.810000000000000000e+02 9.619844999999999402e+01 1.042063065379490894e+00 1.485940020102382020e-01
1.820000000000000000e+02 9.678893300000000011e+01 7.505902152824852624e-01 1.466889507024146388e-01
1.830000000000000000e+02 9.737866699999999298e+01 8.496528832893107674e-01 1.466889507024146388e-01
1.840000000000000000e+02 9.796939999999999316e+01 8.134569084406629846e-01 1.466889507024146388e-01
1.860000000000000000e+02 9.915089999999999293e+01 7.734508309763680201e-01 1.466889507024146388e-01
1.870000000000000000e+02 9.974191700000000083e+01 8.744185502910171159e-01 1.466889507024146388e-01
1.880000000000000000e+02 1.003316329999999965e+02 9.830064748369603533e-01 1.466889507024146388e-01
1.890000000000000000e+02 1.009221170000000001e+02 9.620509104509011866e-01 1.485940020102382020e-01
1.900000000000000000e+02 1.015115669999999994e+02 8.306023702110750806e-01 1.485940020102382020e-01
1.930000000000000000e+02 1.032762830000000065e+02 7.944063953624272978e-01 1.543091559337088914e-01
1.940000000000000000e+02 1.038589499999999930e+02 7.620205231294266968e-01 1.524041046258853283e-01
1.960000000000000000e+02 1.050237999999999943e+02 8.972791659848998735e-01 1.504990533180617651e-01
1.970000000000000000e+02 1.056077829999999977e+02 1.011582244454313884e+00 1.504990533180617651e-01
1.990000000000000000e+02 1.067866829999999965e+02 1.038252962763843712e+00 1.485940020102382020e-01
2.000000000000000000e+02 1.073685669999999988e+02 1.026822654916902389e+00 1.466889507024146388e-01
2.010000000000000000e+02 1.079569670000000059e+02 9.449054486804890907e-01 1.485940020102382020e-01
2.020000000000000000e+02 1.085464170000000053e+02 9.258549356022534038e-01 1.466889507024146388e-01
2.030000000000000000e+02 1.091366500000000030e+02 9.772913209134896917e-01 1.466889507024146388e-01
2.050000000000000000e+02 1.103080000000000069e+02 1.196372221313199757e+00 1.466889507024146388e-01
2.060000000000000000e+02 1.108977000000000004e+02 7.429700100511910099e-01 1.447838993945910757e-01
2.070000000000000000e+02 1.114863830000000036e+02 1.034442860148196752e+00 1.466889507024146388e-01
2.080000000000000000e+02 1.120674829999999957e+02 1.209707580467964894e+00 1.466889507024146388e-01
2.100000000000000000e+02 1.132380500000000012e+02 1.043968116687314485e+00 1.447838993945910757e-01
2.120000000000000000e+02 1.144086170000000067e+02 1.026822654916902389e+00 1.466889507024146388e-01
2.130000000000000000e+02 1.149964829999999978e+02 1.072543886304668126e+00 1.466889507024146388e-01
2.140000000000000000e+02 1.155872329999999977e+02 1.042063065379490894e+00 1.466889507024146388e-01
2.160000000000000000e+02 1.167622170000000068e+02 1.051588321918608848e+00 1.466889507024146388e-01
2.170000000000000000e+02 1.173508999999999958e+02 1.070638834996844535e+00 1.466889507024146388e-01
2.180000000000000000e+02 1.179421669999999978e+02 8.344124728267221514e-01 1.466889507024146388e-01
2.190000000000000000e+02 1.185300670000000025e+02 1.118265117692433641e+00 1.466889507024146388e-01
2.200000000000000000e+02 1.191187330000000060e+02 1.139220682078492919e+00 1.485940020102382020e-01
2.210000000000000000e+02 1.197084329999999994e+02 1.049683270610785257e+00 1.485940020102382020e-01
2.220000000000000000e+02 1.202981330000000071e+02 1.238283350085318313e+00 1.485940020102382020e-01
2.230000000000000000e+02 1.208829000000000065e+02 8.286973189032514897e-01 1.466889507024146388e-01
2.240000000000000000e+02 1.214715499999999935e+02 7.905962927467801160e-01 1.466889507024146388e-01
2.250000000000000000e+02 1.220610170000000068e+02 8.763236015988407068e-01 1.447838993945910757e-01
2.270000000000000000e+02 1.232386000000000053e+02 5.471307356069283756e+00 1.619293611650031717e-01
2.290000000000000000e+02 1.244167000000000058e+02 9.639559617587246665e-01 1.466889507024146388e-01
2.310000000000000000e+02 1.255875170000000054e+02 9.849115261447839442e-01 1.466889507024146388e-01
2.320000000000000000e+02 1.261720169999999968e+02 9.620509104509011866e-01 1.504990533180617651e-01
2.350000000000000000e+02 1.279393170000000026e+02 9.849115261447839442e-01 1.504990533180617651e-01
2.380000000000000000e+02 1.297058499999999981e+02 8.344124728267221514e-01 1.466889507024146388e-01
2.400000000000000000e+02 1.308857830000000035e+02 1.017297398377784656e+00 1.485940020102382020e-01
2.410000000000000000e+02 1.314755000000000109e+02 9.296650382179004746e-01 1.485940020102382020e-01
2.420000000000000000e+02 1.320662499999999966e+02 8.248872162876043079e-01 1.485940020102382020e-01
2.430000000000000000e+02 1.326567330000000027e+02 7.143942404338374796e-01 1.504990533180617651e-01
2.440000000000000000e+02 1.332464329999999961e+02 7.239194969729553231e-01 1.504990533180617651e-01
2.460000000000000000e+02 1.344209170000000029e+02 9.658610130665482574e-01 1.543091559337088914e-01
2.490000000000000000e+02 1.361869000000000085e+02 7.067740352025432271e-01 1.600243098571796085e-01
2.730000000000000000e+02 1.503338669999999979e+02 7.831665926462682670e+00 1.981253360136509267e-01
3.150000000000000000e+02 1.750687169999999924e+02 8.077417545171922120e-01 1.733596690119445782e-01
3.440000000000000000e+02 1.921364000000000090e+02 2.609920291718286212e-01 1.752647203197681414e-01
3.500000000000000000e+02 1.956728170000000091e+02 7.010588812790725655e-01 1.657394637806502979e-01
3.510000000000000000e+02 1.962633170000000007e+02 7.372548561277202372e-01 1.638344124728267348e-01
3.550000000000000000e+02 1.986216330000000028e+02 8.039316519015451412e-01 1.657394637806502979e-01
3.560000000000000000e+02 1.992113500000000101e+02 9.887216287604311260e-01 1.695495663962974242e-01
3.570000000000000000e+02 1.998013170000000116e+02 9.144246277553119695e-01 1.657394637806502979e-01
3.640000000000000000e+02 2.039293000000000120e+02 1.002056987915196151e+00 1.619293611650031717e-01
3.660000000000000000e+02 2.051006669999999872e+02 9.449054486804890907e-01 1.657394637806502979e-01
