1.800000000000000000e+01 0.000000000000000000e+00 6.907773439292259621e-01 3.305053386074505769e-03
2.600000000000000000e+01 4.717183000000000348e+00 8.547164663743832547e-01 3.538102022272067004e-03
2.700000000000000000e+01 5.304866999999999777e+00 8.833814486266832189e-01 3.559288261926390595e-03
2.900000000000000000e+01 6.481266999999999889e+00 9.592281865891623127e-01 3.644033220543685826e-03
3.100000000000000000e+01 7.657917000000000307e+00 9.623849362976565347e-01 3.644033220543685826e-03
3.200000000000000000e+01 8.374717000000000411e+00 9.394402387520238706e-01 3.622846980889362235e-03
3.300000000000000000e+01 8.953832999999999487e+00 9.618129078269898047e-01 3.644033220543685826e-03
3.400000000000000000e+01 9.532949999999999591e+00 9.883380798742031903e-01 3.665219460198009416e-03
3.500000000000000000e+01 1.011356699999999975e+01 9.705628248042255102e-01 3.644033220543685826e-03
3.600000000000000000e+01 1.069289999999999985e+01 9.573214250202731757e-01 3.622846980889362235e-03
3.700000000000000000e+01 1.127826699999999960e+01 9.467283051931112414e-01 3.622846980889362235e-03
4.000000000000000000e+01 1.304110000000000014e+01 9.751178663299051586e-01 3.644033220543685826e-03
4.100000000000000000e+01 1.363083300000000087e+01 9.832957548364741340e-01 3.665219460198009416e-03
4.200000000000000000e+01 1.422095000000000020e+01 1.003316751309810018e+00 3.686405699852333441e-03
4.300000000000000000e+01 1.481124999999999936e+01 1.018592030100577528e+00 3.686405699852333441e-03
4.400000000000000000e+01 1.544580000000000020e+01 1.015859005185169694e+00 3.686405699852333441e-03
4.500000000000000000e+01 1.602520000000000167e+01 1.018888637455737989e+00 3.707591939506657032e-03
4.800000000000000000e+01 1.777438300000000027e+01 1.019185244810898450e+00 3.686405699852333441e-03
5.000000000000000000e+01 1.895333300000000065e+01 1.016875944688577338e+00 3.686405699852333441e-03
5.100000000000000000e+01 1.954139999999999944e+01 9.996939043289206905e-01 3.665219460198009416e-03
5.200000000000000000e+01 2.013018299999999883e+01 9.975752803634883037e-01 3.665219460198009416e-03
5.300000000000000000e+01 2.072054999999999936e+01 9.848635365708940936e-01 3.644033220543685826e-03
5.600000000000000000e+01 2.248924999999999841e+01 9.511774155205192649e-01 3.622846980889362235e-03
5.700000000000000000e+01 2.307876699999999914e+01 9.834864309933629700e-01 3.644033220543685826e-03
5.800000000000000000e+01 2.375781699999999930e+01 9.974481629255623760e-01 3.665219460198009416e-03
5.900000000000000000e+01 2.433699999999999974e+01 1.028909728812233082e+00 3.686405699852333441e-03
6.000000000000000000e+01 2.491603299999999876e+01 1.030329206869072811e+00 3.686405699852333441e-03
6.300000000000000000e+01 2.665516699999999872e+01 1.053019669538853620e+00 3.728778179160980623e-03
6.400000000000000000e+01 2.723636700000000133e+01 1.064544983910805653e+00 3.728778179160980623e-03
6.500000000000000000e+01 2.781933300000000031e+01 1.062553477383299194e+00 3.728778179160980623e-03
6.700000000000000000e+01 2.898211699999999880e+01 1.078231294727498790e+00 3.749964418815304647e-03
6.800000000000000000e+01 2.956663299999999950e+01 1.074438957829374930e+00 3.749964418815304647e-03
6.900000000000000000e+01 3.015008299999999863e+01 1.070371199815744800e+00 3.749964418815304647e-03
7.000000000000000000e+01 3.073250000000000171e+01 1.066388186760731882e+00 3.728778179160980623e-03
7.100000000000000000e+01 3.131415000000000148e+01 1.073316087127695662e+00 3.749964418815304647e-03
7.200000000000000000e+01 3.189841699999999847e+01 1.068231389610658111e+00 3.749964418815304647e-03
7.300000000000000000e+01 3.248743300000000289e+01 1.069714426386460637e+00 3.749964418815304647e-03
7.400000000000000000e+01 3.307646700000000095e+01 1.033485956577567144e+00 3.707591939506657032e-03
7.500000000000000000e+01 3.366470000000000340e+01 1.012278530683589084e+00 3.686405699852333441e-03
7.600000000000000000e+01 3.425365000000000038e+01 1.017278483242009424e+00 3.686405699852333441e-03
7.700000000000000000e+01 3.484315000000000140e+01 1.038295232979098648e+00 3.707591939506657032e-03
7.900000000000000000e+01 3.602089999999999748e+01 1.068294948329620908e+00 3.749964418815304647e-03
8.100000000000000000e+01 3.719888300000000214e+01 1.065985648207299796e+00 3.749964418815304647e-03
8.200000000000000000e+01 3.778405000000000058e+01 1.065244129819398422e+00 3.749964418815304647e-03
8.300000000000000000e+01 3.836594999999999800e+01 1.079905007660190375e+00 3.749964418815304647e-03
8.400000000000000000e+01 3.895593300000000170e+01 1.051536632763050871e+00 3.707591939506657032e-03
8.500000000000000000e+01 3.954203300000000354e+01 1.050943418052729950e+00 3.707591939506657032e-03
8.600000000000000000e+01 4.012601699999999738e+01 1.058273856973125815e+00 3.728778179160980623e-03
8.700000000000000000e+01 4.070743300000000175e+01 1.060710274533373187e+00 3.728778179160980623e-03
8.800000000000000000e+01 4.129375000000000284e+01 1.055922184371495876e+00 3.728778179160980623e-03
8.900000000000000000e+01 4.188136699999999735e+01 1.063930582960830318e+00 3.728778179160980623e-03
9.000000000000000000e+01 4.246951700000000329e+01 1.059947569905817399e+00 3.728778179160980623e-03
9.100000000000000000e+01 4.305766700000000213e+01 1.067998340974460447e+00 3.728778179160980623e-03
9.200000000000000000e+01 4.364216700000000060e+01 1.069989847501966906e+00 3.728778179160980623e-03
9.300000000000000000e+01 4.423238299999999867e+01 1.069036466717522282e+00 3.749964418815304647e-03
9.400000000000000000e+01 4.482209999999999894e+01 1.071197463162263386e+00 3.728778179160980623e-03
9.500000000000000000e+01 4.541181699999999921e+01 1.070900855807102925e+00 3.728778179160980623e-03
9.700000000000000000e+01 4.659148299999999665e+01 1.074968613820733054e+00 3.728778179160980623e-03
9.800000000000000000e+01 4.717414999999999736e+01 1.081027878361869643e+00 3.749964418815304647e-03
9.900000000000000000e+01 4.775996700000000317e+01 1.075837249646560245e+00 3.749964418815304647e-03
1.000000000000000000e+02 4.835098299999999938e+01 1.085921899722018358e+00 3.771150658469628238e-03
1.010000000000000000e+02 4.894198300000000046e+01 1.082871081211795650e+00 3.792336898123952263e-03
1.030000000000000000e+02 5.012113300000000038e+01 1.075731318448288620e+00 3.792336898123952263e-03
1.040000000000000000e+02 5.070981700000000103e+01 1.080964319642906624e+00 3.792336898123952263e-03
1.050000000000000000e+02 5.129951700000000159e+01 1.028401259060529371e+00 3.728778179160980623e-03
1.060000000000000000e+02 5.188949999999999818e+01 9.959227536704510220e-01 3.686405699852333441e-03
1.070000000000000000e+02 5.247868299999999664e+01 1.083739717037623063e+00 3.792336898123952263e-03
1.090000000000000000e+02 5.365261699999999934e+01 1.083676158318660043e+00 3.792336898123952263e-03
1.100000000000000000e+02 5.424101699999999937e+01 1.058400974411051854e+00 3.749964418815304647e-03
1.120000000000000000e+02 5.540481700000000131e+01 9.642069529079283496e-01 3.644033220543685826e-03
1.130000000000000000e+02 5.599296700000000016e+01 1.046091769171889618e+00 3.728778179160980623e-03
1.140000000000000000e+02 5.658266700000000071e+01 1.024036893691738781e+00 3.707591939506657032e-03
1.150000000000000000e+02 5.717158299999999826e+01 1.021409799974602572e+00 3.707591939506657032e-03
1.170000000000000000e+02 5.834943299999999766e+01 1.039990132151444424e+00 3.728778179160980623e-03
1.180000000000000000e+02 5.893809999999999860e+01 1.040879954216926029e+00 3.728778179160980623e-03
1.190000000000000000e+02 5.952573300000000245e+01 1.053909491604335225e+00 3.749964418815304647e-03
1.200000000000000000e+02 6.014901700000000062e+01 1.049184960161420932e+00 3.728778179160980623e-03
1.210000000000000000e+02 6.072829999999999728e+01 1.062553477383299194e+00 3.749964418815304647e-03
1.220000000000000000e+02 6.130760000000000076e+01 1.034333406163739921e+00 3.728778179160980623e-03
1.240000000000000000e+02 6.248076700000000017e+01 1.012596324278403737e+00 3.707591939506657032e-03
1.250000000000000000e+02 6.307019999999999982e+01 9.555417808893099663e-01 3.622846980889362235e-03
1.260000000000000000e+02 6.365236699999999814e+01 9.260717215301456084e-01 3.601660741235038210e-03
1.410000000000000000e+02 7.245786699999999314e+01 6.930442715722386904e-01 3.326239625728829360e-03
1.440000000000000000e+02 7.422646699999999953e+01 8.350768222148251541e-01 3.495729542963419388e-03
1.450000000000000000e+02 7.487631700000000023e+01 9.897151854517342029e-01 3.665219460198009416e-03
1.460000000000000000e+02 7.545534999999999570e+01 1.008210772669958732e+00 3.665219460198009416e-03
1.470000000000000000e+02 7.608774999999999977e+01 9.928719351602284249e-01 3.644033220543685826e-03
1.480000000000000000e+02 7.671833300000000122e+01 9.948634416877348841e-01 3.665219460198009416e-03
1.490000000000000000e+02 7.735438299999999856e+01 1.011748874692230959e+00 3.686405699852333441e-03
1.500000000000000000e+02 7.793341700000000571e+01 1.033337652899986692e+00 3.707591939506657032e-03
1.510000000000000000e+02 7.857051699999999528e+01 1.031303773893171627e+00 3.707591939506657032e-03
1.530000000000000000e+02 7.974081700000000694e+01 1.043295185537518988e+00 3.707591939506657032e-03
1.540000000000000000e+02 8.032661699999999882e+01 1.068146644652040678e+00 3.728778179160980623e-03
1.550000000000000000e+02 8.091528300000000229e+01 1.072044912748436385e+00 3.749964418815304647e-03
1.560000000000000000e+02 8.150081699999999785e+01 1.004185387135637209e+00 3.644033220543685826e-03
1.570000000000000000e+02 8.208844999999999459e+01 1.054820499909471021e+00 3.728778179160980623e-03
1.580000000000000000e+02 8.267763300000000015e+01 1.069375446551991571e+00 3.728778179160980623e-03
1.590000000000000000e+02 8.326708299999999952e+01 9.922575342102530893e-01 3.644033220543685826e-03
1.610000000000000000e+02 8.444519999999999982e+01 9.504994558515809100e-01 3.601660741235038210e-03
1.760000000000000000e+02 9.325329999999999586e+01 8.346530974217386545e-01 3.474543303309095797e-03
1.770000000000000000e+02 9.384221700000000510e+01 9.129998116634279182e-01 3.538102022272067004e-03
1.780000000000000000e+02 9.443036700000000394e+01 9.763890407091645463e-01 3.622846980889362235e-03
1.790000000000000000e+02 9.501928300000000149e+01 9.833381273157827396e-01 3.622846980889362235e-03
1.800000000000000000e+02 9.560795000000000243e+01 1.056557771561125625e+00 3.707591939506657032e-03
1.810000000000000000e+02 9.619844999999999402e+01 1.056303536685273770e+00 3.707591939506657032e-03
1.820000000000000000e+02 9.678893300000000011e+01 1.065879717009028171e+00 3.707591939506657032e-03
1.830000000000000000e+02 9.737866699999999298e+01 1.073146597210461239e+00 3.728778179160980623e-03
1.840000000000000000e+02 9.796939999999999316e+01 1.069799171345078070e+00 3.728778179160980623e-03
1.860000000000000000e+02 9.915089999999999293e+01 1.076049112043103495e+00 3.728778179160980623e-03
1.870000000000000000e+02 9.974191700000000083e+01 1.053655256728483369e+00 3.707591939506657032e-03
1.880000000000000000e+02 1.003316329999999965e+02 1.052341709869915265e+00 3.686405699852333441e-03
1.890000000000000000e+02 1.009221170000000001e+02 1.056197605487002145e+00 3.707591939506657032e-03
1.900000000000000000e+02 1.015115669999999994e+02 1.037066431079147755e+00 3.686405699852333441e-03
1.930000000000000000e+02 1.032762830000000065e+02 9.326818283022946243e-01 3.559288261926390595e-03
1.940000000000000000e+02 1.038589499999999930e+02 9.563468579961742488e-01 3.601660741235038210e-03
1.960000000000000000e+02 1.050237999999999943e+02 1.016113240061021550e+00 3.665219460198009416e-03
1.970000000000000000e+02 1.056077829999999977e+02 1.048697676649371413e+00 3.707591939506657032e-03
1.990000000000000000e+02 1.067866829999999965e+02 1.069184770395102513e+00 3.728778179160980623e-03
2.000000000000000000e+02 1.073685669999999988e+02 1.082362611460091939e+00 3.749964418815304647e-03
2.010000000000000000e+02 1.079569670000000059e+02 1.096239598433674134e+00 3.771150658469628238e-03
2.020000000000000000e+02 1.085464170000000053e+02 1.080879574684289413e+00 3.728778179160980623e-03
2.030000000000000000e+02 1.091366500000000030e+02 1.092235399139006802e+00 3.749964418815304647e-03
2.050000000000000000e+02 1.103080000000000069e+02 1.095074355252686260e+00 3.749964418815304647e-03
2.060000000000000000e+02 1.108977000000000004e+02 1.079587214065375500e+00 3.728778179160980623e-03
2.070000000000000000e+02 1.114863830000000036e+02 1.085053263896191167e+00 3.728778179160980623e-03
2.080000000000000000e+02 1.120674829999999957e+02 1.056896751395594913e+00 3.686405699852333441e-03
2.100000000000000000e+02 1.132380500000000012e+02 1.052129847473372015e+00 3.686405699852333441e-03
2.120000000000000000e+02 1.144086170000000067e+02 1.034015612568925269e+00 3.665219460198009416e-03
2.130000000000000000e+02 1.149964829999999978e+02 1.030096158232875370e+00 3.665219460198009416e-03
2.140000000000000000e+02 1.155872329999999977e+02 1.034841875915443854e+00 3.665219460198009416e-03
2.160000000000000000e+02 1.167622170000000068e+02 1.030053785753566542e+00 3.665219460198009416e-03
2.170000000000000000e+02 1.173508999999999958e+02 1.044185007603000592e+00 3.686405699852333441e-03
2.180000000000000000e+02 1.179421669999999978e+02 1.049015470244186288e+00 3.686405699852333441e-03
2.190000000000000000e+02 1.185300670000000025e+02 1.053930677843989416e+00 3.686405699852333441e-03
2.200000000000000000e+02 1.191187330000000060e+02 1.042257059794457152e+00 3.686405699852333441e-03
2.210000000000000000e+02 1.197084329999999994e+02 1.034121543767196671e+00 3.665219460198009416e-03
2.220000000000000000e+02 1.202981330000000071e+02 9.958591949514881136e-01 3.622846980889362235e-03
2.230000000000000000e+02 1.208829000000000065e+02 1.010753121428477730e+00 3.644033220543685826e-03
2.240000000000000000e+02 1.214715499999999935e+02 1.030456324306998850e+00 3.665219460198009416e-03
2.250000000000000000e+02 1.220610170000000068e+02 1.033464770337912730e+00 3.665219460198009416e-03
2.270000000000000000e+02 1.232386000000000053e+02 6.403752797915898132e-01 3.050818510222620510e-03
2.290000000000000000e+02 1.244167000000000058e+02 1.045096015908136389e+00 3.686405699852333441e-03
2.310000000000000000e+02 1.255875170000000054e+02 1.045901093015000782e+00 3.686405699852333441e-03
2.320000000000000000e+02 1.261720169999999968e+02 9.970456243721301792e-01 3.622846980889362235e-03
2.350000000000000000e+02 1.279393170000000026e+02 9.689738568301512478e-01 3.580474501580714619e-03
2.380000000000000000e+02 1.297058499999999981e+02 1.029820737117369100e+00 3.665219460198009416e-03
2.400000000000000000e+02 1.308857830000000035e+02 1.025858910302010596e+00 3.665219460198009416e-03
2.410000000000000000e+02 1.314755000000000109e+02 1.013592077542156966e+00 3.644033220543685826e-03
2.420000000000000000e+02 1.320662499999999966e+02 9.764737856677818684e-01 3.601660741235038210e-03
2.430000000000000000e+02 1.326567330000000027e+02 9.707111284818057406e-01 3.601660741235038210e-03
2.440000000000000000e+02 1.332464329999999961e+02 9.673848888560769854e-01 3.580474501580714619e-03
2.460000000000000000e+02 1.344209170000000029e+02 8.792925043733987867e-01 3.474543303309095797e-03
2.490000000000000000e+02 1.361869000000000085e+02 7.610732871022721779e-01 3.326239625728829360e-03
2.730000000000000000e+02 1.503338669999999979e+02 4.168604514384741666e-01 2.902514832642354506e-03
3.150000000000000000e+02 1.750687169999999924e+02 6.987645562789061016e-01 3.305053386074505769e-03
3.440000000000000000e+02 1.921364000000000090e+02 4.979613768352255110e-01 3.008446030913973328e-03
3.500000000000000000e+02 1.956728170000000091e+02 7.829374864255344013e-01 3.410984584346124591e-03
3.510000000000000000e+02 1.962633170000000007e+02 7.857128838202507293e-01 3.389798344691800566e-03
3.550000000000000000e+02 1.986216330000000028e+02 8.300344971770960978e-01 3.474543303309095797e-03
3.560000000000000000e+02 1.992113500000000101e+02 7.988695386455858527e-01 3.432170824000448182e-03
3.570000000000000000e+02 1.998013170000000116e+02 8.083609740107228214e-01 3.432170824000448182e-03
3.640000000000000000e+02 2.039293000000000120e+02 9.149489457116256608e-01 3.580474501580714619e-03
3.660000000000000000e+02 2.051006669999999872e+02 8.386996691957144812e-01 3.474543303309095797e-03
