5.600000000000000000e+01 2.248924999999999841e+01 7.243072606103121425e-01 1.411785338477727081e-01
5.800000000000000000e+01 2.375781699999999930e+01 7.856892318484742788e-01 1.493627966795276485e-01
5.900000000000000000e+01 2.433699999999999974e+01 9.248216999883082101e-01 1.493627966795276485e-01
6.000000000000000000e+01 2.491603299999999876e+01 1.082368759499590771e+00 1.575470595112825889e-01
6.300000000000000000e+01 2.665516699999999872e+01 7.611364433532094020e-01 1.616391909271600591e-01
6.400000000000000000e+01 2.723636700000000133e+01 1.497720098211154038e+00 1.636852566350988081e-01
6.500000000000000000e+01 2.781933300000000031e+01 1.002572196889980116e+00 1.636852566350988081e-01
6.700000000000000000e+01 2.898211699999999880e+01 6.056354495498655899e-01 1.616391909271600591e-01
6.800000000000000000e+01 2.956663299999999950e+01 5.197006898164386879e-01 1.616391909271600591e-01
6.900000000000000000e+01 3.015008299999999863e+01 5.053782298608675561e-01 1.616391909271600591e-01
7.000000000000000000e+01 3.073250000000000171e+01 6.404185665848241005e-01 1.616391909271600591e-01
7.200000000000000000e+01 3.189841699999999847e+01 7.693207061849643980e-01 1.616391909271600591e-01
7.300000000000000000e+01 3.248743300000000289e+01 1.820998480065474101e-01 1.616391909271600591e-01
7.400000000000000000e+01 3.307646700000000095e+01 7.856892318484742788e-01 1.657313223430375293e-01
7.500000000000000000e+01 3.366470000000000340e+01 9.370980942359405930e-01 1.657313223430375293e-01
7.600000000000000000e+01 3.425365000000000038e+01 1.254238278966444575e+00 1.657313223430375293e-01
7.700000000000000000e+01 3.484315000000000140e+01 1.180579913480650056e+00 1.636852566350988081e-01
8.100000000000000000e+01 3.719888300000000214e+01 1.082368759499590771e+00 1.636852566350988081e-01
8.200000000000000000e+01 3.778405000000000058e+01 1.211270899099731180e+00 1.636852566350988081e-01
8.300000000000000000e+01 3.836594999999999800e+01 9.186835028644919632e-01 1.616391909271600591e-01
8.400000000000000000e+01 3.895593300000000170e+01 7.386297205658833853e-01 1.616391909271600591e-01
8.500000000000000000e+01 3.954203300000000354e+01 1.156027124985385290e+00 1.636852566350988081e-01
8.600000000000000000e+01 4.012601699999999738e+01 8.982228457851046954e-01 1.636852566350988081e-01
8.700000000000000000e+01 4.070743300000000175e+01 1.217409096223547316e+00 1.636852566350988081e-01
8.900000000000000000e+01 4.188136699999999735e+01 1.100783350871039401e+00 1.636852566350988081e-01
9.000000000000000000e+01 4.246951700000000329e+01 1.270606804629954345e+00 1.636852566350988081e-01
9.100000000000000000e+01 4.305766700000000213e+01 1.049631708172571010e+00 1.616391909271600591e-01
9.200000000000000000e+01 4.364216700000000060e+01 1.045539576756693512e+00 1.616391909271600591e-01
9.300000000000000000e+01 4.423238299999999867e+01 1.237869753302934583e+00 1.616391909271600591e-01
9.400000000000000000e+01 4.482209999999999894e+01 8.879925172454109505e-01 1.595931252192213379e-01
9.500000000000000000e+01 4.541181699999999921e+01 1.178533847772711418e+00 1.616391909271600591e-01
9.700000000000000000e+01 4.659148299999999665e+01 1.113059745118671895e+00 1.616391909271600591e-01
9.800000000000000000e+01 4.717414999999999736e+01 1.098737285163100763e+00 1.616391909271600591e-01
9.900000000000000000e+01 4.775996700000000317e+01 1.338126972991932728e+00 1.616391909271600591e-01
1.000000000000000000e+02 4.835098299999999938e+01 1.141704665029814159e+00 1.636852566350988081e-01
1.010000000000000000e+02 4.894198300000000046e+01 9.166374371565533252e-01 1.677773880509762783e-01
1.030000000000000000e+02 5.012113300000000038e+01 1.111013679410733035e+00 1.718695194668537485e-01
1.040000000000000000e+02 5.070981700000000103e+01 1.070092365251958499e+00 1.677773880509762783e-01
1.060000000000000000e+02 5.188949999999999818e+01 8.327487431310651722e-01 1.739155851747924697e-01
1.070000000000000000e+02 5.247868299999999664e+01 1.268560738922015707e+00 1.698234537589149995e-01
1.090000000000000000e+02 5.365261699999999934e+01 1.374956155734829988e+00 1.698234537589149995e-01
1.100000000000000000e+02 5.424101699999999937e+01 1.354495498655442498e+00 1.698234537589149995e-01
1.120000000000000000e+02 5.540481700000000131e+01 1.203086636267976184e+00 1.739155851747924697e-01
1.130000000000000000e+02 5.599296700000000016e+01 1.031217116801122380e+00 1.677773880509762783e-01
1.140000000000000000e+02 5.658266700000000071e+01 1.233777621887057308e+00 1.698234537589149995e-01
1.150000000000000000e+02 5.717158299999999826e+01 1.366771892903074992e+00 1.698234537589149995e-01
1.170000000000000000e+02 5.834943299999999766e+01 1.149888927861569154e+00 1.677773880509762783e-01
1.180000000000000000e+02 5.893809999999999860e+01 1.145796796445691657e+00 1.698234537589149995e-01
1.190000000000000000e+02 5.952573300000000245e+01 1.305389921664912967e+00 1.677773880509762783e-01
1.200000000000000000e+02 6.014901700000000062e+01 1.043493511048754874e+00 1.677773880509762783e-01
1.210000000000000000e+02 6.072829999999999728e+01 1.068046299544019639e+00 1.677773880509762783e-01
1.220000000000000000e+02 6.130760000000000076e+01 1.201040570560037546e+00 1.698234537589149995e-01
1.250000000000000000e+02 6.307019999999999982e+01 6.752016836197825000e-01 1.718695194668537485e-01
1.260000000000000000e+02 6.365236699999999814e+01 1.063954168128142141e+00 1.759616508827312187e-01
1.450000000000000000e+02 7.487631700000000023e+01 8.368408745469425591e-01 1.698234537589149995e-01
1.460000000000000000e+02 7.545534999999999570e+01 1.070092365251958499e+00 1.677773880509762783e-01
1.470000000000000000e+02 7.608774999999999977e+01 8.266105460072489253e-01 1.677773880509762783e-01
1.490000000000000000e+02 7.735438299999999856e+01 1.246054016134689579e+00 1.657313223430375293e-01
1.500000000000000000e+02 7.793341700000000571e+01 9.555126856073892228e-01 1.636852566350988081e-01
1.510000000000000000e+02 7.857051699999999528e+01 8.777621887057173167e-01 1.636852566350988081e-01
1.540000000000000000e+02 8.032661699999999882e+01 1.072138430959897137e+00 1.616391909271600591e-01
1.550000000000000000e+02 8.091528300000000229e+01 9.923418683502864823e-01 1.636852566350988081e-01
1.580000000000000000e+02 8.267763300000000015e+01 1.192856307728282550e+00 1.616391909271600591e-01
1.590000000000000000e+02 8.326708299999999952e+01 1.076230562375774635e+00 1.657313223430375293e-01
1.760000000000000000e+02 9.325329999999999586e+01 8.634397287501461848e-01 1.759616508827312187e-01
1.800000000000000000e+02 9.560795000000000243e+01 1.037355313924938738e+00 1.595931252192213379e-01
1.810000000000000000e+02 9.619844999999999402e+01 1.045539576756693512e+00 1.595931252192213379e-01
1.820000000000000000e+02 9.678893300000000011e+01 1.063954168128142141e+00 1.575470595112825889e-01
1.860000000000000000e+02 9.915089999999999293e+01 9.657430141470829676e-01 1.575470595112825889e-01
1.870000000000000000e+02 9.974191700000000083e+01 1.006664328305857614e+00 1.575470595112825889e-01
1.880000000000000000e+02 1.003316329999999965e+02 9.125453057406758273e-01 1.575470595112825889e-01
1.900000000000000000e+02 1.015115669999999994e+02 8.184262831754940404e-01 1.595931252192213379e-01
1.930000000000000000e+02 1.032762830000000065e+02 7.324915234420671384e-01 1.657313223430375293e-01
1.940000000000000000e+02 1.038589499999999930e+02 1.029171051093183742e+00 1.657313223430375293e-01
1.970000000000000000e+02 1.056077829999999977e+02 8.388869402548813081e-01 1.595931252192213379e-01
1.990000000000000000e+02 1.067866829999999965e+02 1.057815971004326006e+00 1.595931252192213379e-01
2.010000000000000000e+02 1.079569670000000059e+02 1.045539576756693512e+00 1.575470595112825889e-01
2.020000000000000000e+02 1.085464170000000053e+02 1.111013679410733035e+00 1.575470595112825889e-01
2.030000000000000000e+02 1.091366500000000030e+02 1.025078919677306244e+00 1.575470595112825889e-01
2.050000000000000000e+02 1.103080000000000069e+02 8.961767800771659465e-01 1.555009938033438677e-01
2.060000000000000000e+02 1.108977000000000004e+02 9.821115398105928485e-01 1.575470595112825889e-01
2.080000000000000000e+02 1.120674829999999957e+02 1.184672044896527554e+00 1.575470595112825889e-01
2.100000000000000000e+02 1.132380500000000012e+02 9.493744884835730868e-01 1.555009938033438677e-01
2.120000000000000000e+02 1.144086170000000067e+02 8.573015316263299379e-01 1.575470595112825889e-01
2.130000000000000000e+02 1.149964829999999978e+02 1.082368759499590771e+00 1.575470595112825889e-01
2.140000000000000000e+02 1.155872329999999977e+02 1.262422541798199571e+00 1.595931252192213379e-01
2.160000000000000000e+02 1.167622170000000068e+02 8.388869402548813081e-01 1.575470595112825889e-01
2.170000000000000000e+02 1.173508999999999958e+02 8.491172687945750530e-01 1.575470595112825889e-01
2.180000000000000000e+02 1.179421669999999978e+02 1.194902373436221188e+00 1.575470595112825889e-01
2.190000000000000000e+02 1.185300670000000025e+02 1.031217116801122380e+00 1.575470595112825889e-01
2.200000000000000000e+02 1.191187330000000060e+02 1.029171051093183742e+00 1.575470595112825889e-01
2.210000000000000000e+02 1.197084329999999994e+02 9.575587513153279717e-01 1.595931252192213379e-01
2.220000000000000000e+02 1.202981330000000071e+02 9.084531743247983293e-01 1.595931252192213379e-01
2.240000000000000000e+02 1.214715499999999935e+02 9.636969484391442187e-01 1.575470595112825889e-01
2.270000000000000000e+02 1.232386000000000053e+02 5.524377411434584495e-01 1.555009938033438677e-01
2.290000000000000000e+02 1.244167000000000058e+02 1.117151876534549393e+00 1.575470595112825889e-01
2.310000000000000000e+02 1.255875170000000054e+02 9.166374371565533252e-01 1.575470595112825889e-01
2.320000000000000000e+02 1.261720169999999968e+02 1.166257453525078924e+00 1.616391909271600591e-01
2.350000000000000000e+02 1.279393170000000026e+02 8.286566117151876742e-01 1.595931252192213379e-01
2.380000000000000000e+02 1.297058499999999981e+02 1.059862036712264644e+00 1.575470595112825889e-01
2.420000000000000000e+02 1.320662499999999966e+02 9.370980942359405930e-01 1.595931252192213379e-01
2.430000000000000000e+02 1.326567330000000027e+02 1.049631708172571010e+00 1.616391909271600591e-01
2.440000000000000000e+02 1.332464329999999961e+02 9.064071086168595803e-01 1.616391909271600591e-01
2.460000000000000000e+02 1.344209170000000029e+02 6.056354495498655899e-01 1.657313223430375293e-01
3.570000000000000000e+02 1.998013170000000116e+02 9.125453057406758273e-01 1.780077165906699399e-01
