#Filenum,Time,flux,errFlux,weightMean,errWeightMean,ratio,ratioErr
18,0.000000,352,91,25695.227941,48.298242,0.013699,0.003542
26,4.717183,351,88,30829.716648,50.544325,0.011385,0.002854
27,5.304867,412,88,31650.814909,50.851562,0.013017,0.002780
29,6.481267,402,84,34464.678332,51.770545,0.011664,0.002437
31,7.657917,645,85,34482.494149,51.771818,0.018705,0.002465
32,8.374717,475,85,33798.575419,51.474346,0.014054,0.002515
33,8.953833,555,85,34194.791963,51.618899,0.016231,0.002486
34,9.532950,490,84,34981.974032,51.898274,0.014007,0.002401
35,10.113567,529,84,34473.017661,51.611358,0.015345,0.002437
36,10.692900,489,84,34582.860452,51.704173,0.014140,0.002429
37,11.278267,632,85,34101.054626,51.571823,0.018533,0.002493
40,13.041100,405,83,34668.599101,51.583668,0.011682,0.002394
41,13.630833,505,83,34972.359136,51.825405,0.014440,0.002373
42,14.220950,429,83,35265.742877,51.894177,0.012165,0.002354
43,14.811250,569,82,35679.278577,51.922295,0.015948,0.002298
44,15.445800,524,82,35897.185978,51.972682,0.014597,0.002284
45,16.025200,443,82,36108.814809,52.209361,0.012268,0.002271
48,17.774383,513,82,36198.382030,52.077427,0.014172,0.002265
50,18.953333,403,82,36078.091059,52.173878,0.011170,0.002273
51,19.541400,567,83,35773.671755,52.061779,0.015850,0.002320
52,20.130183,439,83,35075.879603,51.693716,0.012516,0.002366
53,20.720550,495,83,35012.797698,51.627379,0.014138,0.002371
56,22.489250,383,83,34122.147839,51.401775,0.011224,0.002432
57,23.078767,418,82,34921.541819,51.501377,0.011970,0.002348
58,23.757817,414,81,35317.007115,51.586455,0.011722,0.002294
59,24.337000,435,81,35939.907657,51.816965,0.012104,0.002254
60,24.916033,552,81,36184.387155,51.917499,0.015255,0.002239
63,26.655167,501,80,36907.614458,52.202928,0.013574,0.002168
64,27.236367,405,79,37320.718372,52.400356,0.010852,0.002117
65,27.819333,443,79,37235.640321,52.322091,0.011897,0.002122
67,28.982117,445,79,37523.074394,52.426723,0.011859,0.002105
68,29.566633,467,79,37684.635102,52.493082,0.012392,0.002096
69,30.150083,607,80,37651.471571,52.582787,0.016122,0.002125
70,30.732500,553,80,37618.360933,52.510074,0.014700,0.002127
71,31.314150,537,79,37616.305120,52.369432,0.014276,0.002100
72,31.898417,515,79,37411.160688,52.411669,0.013766,0.002112
73,32.487433,423,80,37300.338194,52.448439,0.011340,0.002145
74,33.076467,524,81,36272.074690,51.996112,0.014446,0.002233
75,33.664700,457,81,35946.619259,51.912288,0.012713,0.002253
76,34.253650,441,81,35878.368104,51.769955,0.012292,0.002258
77,34.843150,505,80,36647.798787,52.078587,0.013780,0.002183
79,36.020900,288,80,37393.866784,52.479595,0.007702,0.002139
81,37.198883,489,80,37495.139718,52.500047,0.013042,0.002134
82,37.784050,485,80,37372.394914,52.456219,0.012977,0.002141
83,38.365950,350,79,37354.707726,52.364480,0.009370,0.002115
84,38.955933,463,79,36882.853921,52.087014,0.012553,0.002142
85,39.542033,556,80,36764.815570,52.087014,0.015123,0.002176
86,40.126017,460,80,37160.890071,52.344332,0.012379,0.002153
87,40.707433,547,80,37226.067965,52.254586,0.014694,0.002149
88,41.293750,549,80,37099.217189,52.167599,0.014798,0.002156
89,41.881367,498,80,37402.262737,52.453328,0.013315,0.002139
90,42.469517,656,80,37328.987508,52.318960,0.017573,0.002143
91,43.057667,481,79,37637.110636,52.498336,0.012780,0.002099
92,43.642167,356,79,37487.769556,52.347864,0.009496,0.002107
93,44.232383,447,79,37564.141110,52.401354,0.011900,0.002103
94,44.822100,490,78,37578.465099,52.285501,0.013039,0.002076
95,45.411817,534,79,37546.187679,52.248470,0.014222,0.002104
97,46.591483,550,79,37700.473306,52.327157,0.014589,0.002096
98,47.174150,452,78,37642.492827,52.353236,0.012008,0.002072
99,47.759967,363,78,37626.532113,52.333399,0.009647,0.002073
100,48.350983,534,80,37832.849204,52.632004,0.014115,0.002115
101,48.941983,494,82,38025.589883,53.229200,0.012991,0.002157
103,50.121133,440,84,38077.310974,53.520589,0.011555,0.002206
104,50.709817,567,82,38135.002717,53.260912,0.014868,0.002150
105,51.299517,335,83,36716.415418,52.793943,0.009124,0.002261
106,51.889500,494,85,35646.954585,52.359769,0.013858,0.002385
107,52.478683,516,82,38187.922389,53.265997,0.013512,0.002147
109,53.652617,503,82,38150.508306,53.260912,0.013185,0.002149
110,54.241017,542,83,37601.376864,53.032188,0.014414,0.002207
112,55.404817,579,84,34890.809444,51.914609,0.016595,0.002408
113,55.992967,410,81,37223.634935,52.643989,0.011015,0.002176
114,56.582667,485,82,36652.334552,52.509206,0.013232,0.002237
115,57.171583,403,82,36412.744534,52.430256,0.011068,0.002252
117,58.349433,461,82,36953.655869,52.607387,0.012475,0.002219
118,58.938100,420,82,36734.424352,52.516480,0.011433,0.002232
119,59.525733,569,82,37386.954751,52.816422,0.015219,0.002193
120,60.149017,531,82,37202.472708,52.652537,0.014273,0.002204
121,60.728300,508,82,37476.802525,52.778269,0.013555,0.002188
122,61.307600,558,83,36738.918136,52.535437,0.015188,0.002259
124,62.480767,567,83,36116.117787,52.352489,0.015699,0.002298
125,63.070200,545,85,34481.730487,51.771755,0.015805,0.002465
126,63.652367,460,85,33749.966314,51.491542,0.013630,0.002519
141,72.457867,421,92,26164.876170,48.620418,0.016090,0.003516
144,74.226467,424,89,30441.760520,50.287403,0.013928,0.002924
145,74.876317,553,83,35349.848369,51.838960,0.015644,0.002348
146,75.455350,426,81,35919.396573,51.920523,0.011860,0.002255
147,76.087750,399,82,35449.552710,51.770193,0.011255,0.002313
148,76.718333,657,82,35319.161981,51.678014,0.018602,0.002322
149,77.354383,533,81,35875.282136,51.906608,0.014857,0.002258
150,77.933417,575,81,36350.086710,52.033327,0.015818,0.002228
151,78.570517,562,81,36457.271739,52.064865,0.015415,0.002222
153,79.740817,473,80,36568.157287,52.007248,0.012935,0.002188
154,80.326617,669,80,37539.222461,52.389282,0.017821,0.002131
155,80.915283,535,80,37499.342531,52.459917,0.014267,0.002133
156,81.500817,502,79,34437.971037,50.724791,0.014577,0.002294
157,82.088450,548,79,36862.224946,52.036580,0.014866,0.002143
158,82.677633,607,79,37672.189887,52.421993,0.016113,0.002097
159,83.267083,512,80,35458.153944,51.499965,0.014440,0.002256
161,84.445200,528,82,34217.891846,51.206294,0.015431,0.002397
176,93.253300,566,86,30354.096063,49.765976,0.018647,0.002833
177,93.842217,569,82,32860.557117,50.465808,0.017316,0.002496
178,94.430367,373,80,34780.979977,51.114106,0.010724,0.002300
179,95.019283,528,80,35042.750361,51.229507,0.015067,0.002283
180,95.607950,530,78,36956.230305,51.861051,0.014341,0.002111
181,96.198450,547,78,37222.781095,52.004761,0.014695,0.002096
182,96.788933,394,77,37392.616642,51.937095,0.010537,0.002059
183,97.378667,446,77,37593.967406,52.133408,0.011864,0.002048
184,97.969400,427,77,37351.208879,51.916190,0.011432,0.002062
186,99.150900,406,77,37425.857510,51.932385,0.010848,0.002057
187,99.741917,459,77,37015.430451,51.838119,0.012400,0.002080
188,100.331633,516,77,37045.780774,51.822642,0.013929,0.002079
189,100.922117,505,78,36933.810302,51.816620,0.013673,0.002112
190,101.511567,436,78,36379.264411,51.605580,0.011985,0.002144
193,103.276283,417,81,33228.816163,50.386021,0.012549,0.002438
194,103.858950,400,80,33630.487907,50.522069,0.011894,0.002379
196,105.023800,471,79,35627.474196,51.313655,0.013220,0.002217
197,105.607783,531,79,36700.614090,51.884740,0.014468,0.002153
199,106.786683,545,78,37447.467851,52.128213,0.014554,0.002083
200,107.368567,539,77,37955.702031,52.321531,0.014201,0.002029
201,107.956967,496,78,38078.277452,52.455790,0.013026,0.002048
202,108.546417,486,77,38099.825735,52.329768,0.012756,0.002021
203,109.136650,513,77,38297.259864,52.537151,0.013395,0.002011
205,110.308000,628,77,37926.505988,52.177603,0.016558,0.002030
206,110.897700,390,76,37617.416929,52.032373,0.010368,0.002020
207,111.486383,543,77,37810.735827,52.040343,0.014361,0.002037
208,112.067483,635,77,37647.364853,52.010581,0.016867,0.002045
210,113.238050,548,76,37412.578242,51.881369,0.014647,0.002032
212,114.408617,539,77,37175.937757,51.899506,0.014499,0.002071
213,114.996483,563,77,36947.584912,51.662410,0.015238,0.002084
214,115.587233,547,77,36443.987897,51.445741,0.015009,0.002113
216,116.762217,552,77,36154.659660,51.400152,0.015268,0.002130
217,117.350900,562,77,36438.016039,51.504475,0.015423,0.002113
218,117.942167,438,77,36524.284711,51.463753,0.011992,0.002108
219,118.530067,587,77,36902.821234,51.637784,0.015907,0.002087
220,119.118733,598,78,36674.370224,51.655562,0.016306,0.002127
221,119.708433,551,78,35941.763861,51.214982,0.015330,0.002170
222,120.298133,650,78,35235.018941,50.964304,0.018448,0.002214
223,120.882900,435,77,35282.825183,50.856756,0.012329,0.002182
224,121.471550,415,77,35907.360573,51.178217,0.011558,0.002144
225,122.061017,460,76,36190.779861,51.191616,0.012710,0.002100
227,123.238600,2872,85,23364.640284,43.925613,0.122921,0.003645
229,124.416700,506,77,36546.417645,51.549263,0.013845,0.002107
231,125.587517,517,77,36326.827646,51.323924,0.014232,0.002120
232,126.172017,505,79,34723.367233,50.739343,0.014544,0.002275
235,127.939317,517,79,33915.849651,50.308223,0.015244,0.002329
238,129.705850,438,77,35976.721802,51.202900,0.012175,0.002140
240,130.885783,534,78,35731.622631,51.155055,0.014945,0.002183
241,131.475500,488,78,35399.876176,50.962974,0.013785,0.002203
242,132.066250,433,78,34810.965491,50.728987,0.012439,0.002241
243,132.656733,375,79,33950.999793,50.479897,0.011045,0.002327
244,133.246433,380,79,33950.923563,50.459437,0.011193,0.002327
246,134.420917,507,81,31463.209249,49.472160,0.016114,0.002575
249,136.186900,371,84,28091.842579,48.174745,0.013207,0.002990
273,150.333867,4111,104,16642.764226,43.749689,0.247014,0.006283
315,175.068717,424,91,26098.178757,48.408237,0.016246,0.003487
344,192.136400,137,92,19012.999659,44.266773,0.007206,0.004839
350,195.672817,368,87,21900.804734,45.154091,0.016803,0.003973
351,196.263317,387,86,21936.155915,44.976347,0.017642,0.003921
355,198.621633,422,87,23096.250764,45.723332,0.018271,0.003767
356,199.211350,519,89,22307.282742,45.560909,0.023266,0.003990
357,199.801317,480,87,22523.157090,45.342053,0.021311,0.003863
364,203.929300,526,85,24833.711876,46.319911,0.021181,0.003423
366,205.100667,496,87,23120.112124,45.638415,0.021453,0.003763
