NOAO/IRAF V2.16.1 ebiermann@uhura.astro.sunysb.edu Sun 19:20:52 11-Nov-2018
Sensitivity function for aperture 1:
Fitting function is spline3 of order 4 with 13 points and RMS of 0.0268.
       Image Airmass  Points   Shift RMS Fit   Dev 1   Dev 2   Dev 3
ref_star_dcc_flat.ms.L.fits   1.100      13  0.0000  0.0258 -0.0011 -0.0025  0.0029

  Lambda     Fit     Avg   Resid  SD Avg     N     Ext    Dext
 4350.00  28.379  28.379  0.0000  0.0000     1  0.2719  0.0000
 4400.00  28.589  28.589 -0.0001  0.0000     1  0.2622  0.0000
 4450.00  28.704  28.704  0.0002  0.0000     1  0.2528  0.0000
 4500.00  28.793  28.788 -0.0047  0.0000     1  0.2426  0.0000
 4550.00  28.895  28.908  0.0137  0.0000     1  0.2337  0.0000
 4600.00  28.996  28.992 -0.0047  0.0000     1  0.2256  0.0000
 4650.00  29.078  29.064 -0.0140  0.0000     1  0.2188  0.0000
 4700.00  29.124  29.119 -0.0050  0.0000     1  0.2116  0.0000
 4750.00  29.136  29.150  0.0140  0.0000     1  0.2047  0.0000
 4800.00  29.131  29.172  0.0402  0.0000     1  0.2001  0.0000
 4850.00  29.124  29.054 -0.0705  0.0000     1  0.1939  0.0000
 4900.00  29.133  29.170  0.0367  0.0000     1  0.1877  0.0000
 4950.00  29.182  29.176 -0.0059  0.0000     1  0.1834  0.0000

NOAO/IRAF V2.16.1 ebiermann@uhura.astro.sunysb.edu Sun 19:22:05 11-Nov-2018
Sensitivity function for aperture 1:
Fitting function is spline3 of order 6 with 13 points and RMS of 0.0146.
       Image Airmass  Points   Shift RMS Fit   Dev 1   Dev 2   Dev 3
ref_star_dcc_flat.ms.L.fits   1.100      13  0.0000  0.0141 -0.0015  0.0021 -0.0005

  Lambda     Fit     Avg   Resid  SD Avg     N     Ext    Dext
 4350.00  28.379  28.379  0.0002  0.0000     1  0.2719  0.0000
 4400.00  28.592  28.589 -0.0035  0.0000     1  0.2622  0.0000
 4450.00  28.691  28.704  0.0126  0.0000     1  0.2528  0.0000
 4500.00  28.803  28.788 -0.0152  0.0000     1  0.2426  0.0000
 4550.00  28.907  28.908  0.0010  0.0000     1  0.2337  0.0000
 4600.00  28.986  28.992  0.0053  0.0000     1  0.2256  0.0000
 4650.00  29.054  29.064  0.0100  0.0000     1  0.2188  0.0000
 4700.00  29.127  29.119 -0.0079  0.0000     1  0.2116  0.0000
 4750.00  29.172  29.150 -0.0219  0.0000     1  0.2047  0.0000
 4800.00  29.137  29.172  0.0341  0.0000     1  0.2001  0.0000
 4850.00  29.072  29.054 -0.0180  0.0000     1  0.1939  0.0000
 4900.00  29.167  29.170  0.0034  0.0000     1  0.1877  0.0000
 4950.00  29.176  29.176 -0.0000  0.0000     1  0.1834  0.0000

NOAO/IRAF V2.16.1 ebiermann@uhura.astro.sunysb.edu Sun 19:24:07 11-Nov-2018
Sensitivity function for aperture 1:
Fitting function is spline3 of order 5 with 13 points and RMS of 0.0227.
       Image Airmass  Points   Shift RMS Fit   Dev 1   Dev 2   Dev 3
ref_star_dcc_flat.ms.L.fits   1.100      13  0.0000  0.0218 -0.0028 -0.0013  0.0032

  Lambda     Fit     Avg   Resid  SD Avg     N     Ext    Dext
 4350.00  28.380  28.379 -0.0002  0.0000     1  0.2719  0.0000
 4400.00  28.587  28.589  0.0019  0.0000     1  0.2622  0.0000
 4450.00  28.704  28.704 -0.0005  0.0000     1  0.2528  0.0000
 4500.00  28.800  28.788 -0.0123  0.0000     1  0.2426  0.0000
 4550.00  28.892  28.908  0.0163  0.0000     1  0.2337  0.0000
 4600.00  28.984  28.992  0.0074  0.0000     1  0.2256  0.0000
 4650.00  29.074  29.064 -0.0095  0.0000     1  0.2188  0.0000
 4700.00  29.138  29.119 -0.0192  0.0000     1  0.2116  0.0000
 4750.00  29.151  29.150 -0.0008  0.0000     1  0.2047  0.0000
 4800.00  29.120  29.172  0.0517  0.0000     1  0.2001  0.0000
 4850.00  29.103  29.054 -0.0488  0.0000     1  0.1939  0.0000
 4900.00  29.155  29.170  0.0146  0.0000     1  0.1877  0.0000
 4950.00  29.177  29.176 -0.0005  0.0000     1  0.1834  0.0000

NOAO/IRAF V2.16.1 ebiermann@uhura.astro.sunysb.edu Sun 19:27:23 11-Nov-2018
Sensitivity function for aperture 1:
Fitting function is spline3 of order 5 with 13 points and RMS of 0.0227.
       Image Airmass  Points   Shift RMS Fit   Dev 1   Dev 2   Dev 3
ref_star_dcc_flat.ms.L.fits   1.100      13  0.0000  0.0218 -0.0028 -0.0013  0.0032

  Lambda     Fit     Avg   Resid  SD Avg     N     Ext    Dext
 4350.00  28.380  28.379 -0.0002  0.0000     1  0.2719  0.0000
 4400.00  28.587  28.589  0.0019  0.0000     1  0.2622  0.0000
 4450.00  28.704  28.704 -0.0005  0.0000     1  0.2528  0.0000
 4500.00  28.800  28.788 -0.0123  0.0000     1  0.2426  0.0000
 4550.00  28.892  28.908  0.0163  0.0000     1  0.2337  0.0000
 4600.00  28.984  28.992  0.0074  0.0000     1  0.2256  0.0000
 4650.00  29.074  29.064 -0.0095  0.0000     1  0.2188  0.0000
 4700.00  29.138  29.119 -0.0192  0.0000     1  0.2116  0.0000
 4750.00  29.151  29.150 -0.0008  0.0000     1  0.2047  0.0000
 4800.00  29.120  29.172  0.0517  0.0000     1  0.2001  0.0000
 4850.00  29.103  29.054 -0.0488  0.0000     1  0.1939  0.0000
 4900.00  29.155  29.170  0.0146  0.0000     1  0.1877  0.0000
 4950.00  29.177  29.176 -0.0005  0.0000     1  0.1834  0.0000

NOAO/IRAF V2.16.1 ebiermann@uhura.astro.sunysb.edu Sun 19:34:41 11-Nov-2018
Sensitivity function for aperture 1:
Fitting function is spline3 of order 5 with 26 points and RMS of 0.0223.
       Image Airmass  Points   Shift RMS Fit   Dev 1   Dev 2   Dev 3
ref_star_dcc_flat.ms.L.fits   1.100      13  0.0000  0.0218 -0.0028 -0.0013  0.0032
ref_star_dcc_flat.ms.L.fits   1.100      13  0.0000  0.0218 -0.0028 -0.0013  0.0032

  Lambda     Fit     Avg   Resid  SD Avg     N     Ext    Dext
 4350.00  28.380  28.379 -0.0002  0.0000     2  0.2719  0.0000
 4400.00  28.587  28.589  0.0019  0.0000     2  0.2622  0.0000
 4450.00  28.704  28.704 -0.0005  0.0000     2  0.2528  0.0000
 4500.00  28.800  28.788 -0.0123  0.0000     2  0.2426  0.0000
 4550.00  28.892  28.908  0.0163  0.0000     2  0.2337  0.0000
 4600.00  28.984  28.992  0.0074  0.0000     2  0.2256  0.0000
 4650.00  29.074  29.064 -0.0095  0.0000     2  0.2188  0.0000
 4700.00  29.138  29.119 -0.0192  0.0000     2  0.2116  0.0000
 4750.00  29.151  29.150 -0.0008  0.0000     2  0.2047  0.0000
 4800.00  29.120  29.172  0.0517  0.0000     2  0.2001  0.0000
 4850.00  29.103  29.054 -0.0488  0.0000     2  0.1939  0.0000
 4900.00  29.155  29.170  0.0146  0.0000     2  0.1877  0.0000
 4950.00  29.177  29.176 -0.0005  0.0000     2  0.1834  0.0000

NOAO/IRAF V2.16.1 ebiermann@uhura.astro.sunysb.edu Sun 20:09:51 11-Nov-2018
Sensitivity function for aperture 1:
Fitting function is spline3 of order 6 with 39 points and RMS of 0.0438.
       Image Airmass  Points   Shift RMS Fit   Dev 1   Dev 2   Dev 3
ref_star_dcc_flat.ms.L.fits   1.100      13  0.0000  0.0312  0.0093  0.0149  0.0396
ref_star_dcc_flat.ms.L.fits   1.100      13  0.0000  0.0312  0.0093  0.0149  0.0396
ref_star_dcc_flat.ms.L.fits   1.100      13  0.0000  0.0605 -0.0230 -0.0224 -0.0814

  Lambda     Fit     Avg   Resid  SD Avg     N     Ext    Dext
 4350.00  28.367  28.367  0.0002  0.0104     3  0.2719  0.0000
 4400.00  28.581  28.577 -0.0037  0.0092     3  0.2622  0.0000
 4450.00  28.681  28.694  0.0132  0.0077     3  0.2528  0.0000
 4500.00  28.794  28.778 -0.0157  0.0079     3  0.2426  0.0000
 4550.00  28.898  28.899  0.0003  0.0078     3  0.2337  0.0000
 4600.00  28.976  28.981  0.0051  0.0084     3  0.2256  0.0000
 4650.00  29.041  29.054  0.0130  0.0084     3  0.2188  0.0000
 4700.00  29.108  29.099 -0.0087  0.0160     3  0.2116  0.0000
 4750.00  29.147  29.119 -0.0282  0.0255     3  0.2047  0.0000
 4800.00  29.108  29.151  0.0427  0.0167     3  0.2001  0.0000
 4850.00  29.037  29.015 -0.0224  0.0317     3  0.1939  0.0000
 4900.00  29.113  29.117  0.0042  0.0430     3  0.1877  0.0000
 4950.00  29.118  29.118 -0.0000  0.0477     3  0.1834  0.0000

NOAO/IRAF V2.16.1 ebiermann@uhura.astro.sunysb.edu Sun 20:11:10 11-Nov-2018
Sensitivity function for aperture 1:
Fitting function is spline3 of order 5 with 13 points and RMS of 0.0291.
       Image Airmass  Points   Shift RMS Fit   Dev 1   Dev 2   Dev 3
ref_star_dcc_flat.ms.L.fits   1.100      13  0.0000  0.0280 -0.0021 -0.0001  0.0018

  Lambda     Fit     Avg   Resid  SD Avg     N     Ext    Dext
 4350.00  28.341  28.341  0.0001  0.0000     1  0.2719  0.0000
 4400.00  28.555  28.555 -0.0006  0.0000     1  0.2622  0.0000
 4450.00  28.671  28.676  0.0041  0.0000     1  0.2528  0.0000
 4500.00  28.771  28.759 -0.0121  0.0000     1  0.2426  0.0000
 4550.00  28.868  28.879  0.0113  0.0000     1  0.2337  0.0000
 4600.00  28.958  28.961  0.0032  0.0000     1  0.2256  0.0000
 4650.00  29.032  29.033  0.0015  0.0000     1  0.2188  0.0000
 4700.00  29.077  29.060 -0.0167  0.0000     1  0.2116  0.0000
 4750.00  29.077  29.057 -0.0203  0.0000     1  0.2047  0.0000
 4800.00  29.038  29.110  0.0727  0.0000     1  0.2001  0.0000
 4850.00  28.997  28.937 -0.0599  0.0000     1  0.1939  0.0000
 4900.00  28.995  29.012  0.0173  0.0000     1  0.1877  0.0000
 4950.00  29.002  29.001 -0.0006  0.0000     1  0.1834  0.0000

