[ref_star_dcc_flat.ms.L.fits] 1 765 180.00 1.100  4310.274  5016.375 
 4350.00   2.5354E-10   50.000      375956.
 4400.00   2.4663E-10   50.000      449570.
 4450.00   2.3993E-10   50.000      493542.
 4500.00   2.3342E-10   50.000      523882.
 4550.00   2.2711E-10   50.000      574729.
 4600.00   2.2099E-10   50.000      607709.
 4650.00   2.1505E-10   50.000      636634.
 4700.00   2.0928E-10   50.000      639583.
 4750.00   2.0369E-10   50.000      624833.
 4800.00   1.9827E-10   50.000      642029.
 4850.00   1.9301E-10   50.000      536420.
 4900.00   1.8790E-10   50.000      562819.
 4950.00   1.8295E-10   50.000      544801.
