NOAO/IRAF V2.16.1 ebiermann@uhura.astro.sunysb.edu Mon 19:39:27 12-Nov-2018
Sensitivity function for aperture 1:
Fitting function is spline3 of order 5 with 13 points and RMS of 0.0218.
       Image Airmass  Points   Shift RMS Fit   Dev 1   Dev 2   Dev 3
ref_star_dcc_flat.ms.L.fits   1.100      13  0.0000  0.0210 -0.0016 -0.0024  0.0032

  Lambda     Fit     Avg   Resid  SD Avg     N     Ext    Dext
 4350.00  28.532  28.531 -0.0011  0.0000     1  0.2719  0.0000
 4400.00  28.672  28.679  0.0076  0.0000     1  0.2622  0.0000
 4450.00  28.753  28.740 -0.0136  0.0000     1  0.2528  0.0000
 4500.00  28.815  28.816  0.0006  0.0000     1  0.2426  0.0000
 4550.00  28.874  28.885  0.0108  0.0000     1  0.2337  0.0000
 4600.00  28.937  28.946  0.0094  0.0000     1  0.2256  0.0000
 4650.00  29.007  28.996 -0.0110  0.0000     1  0.2188  0.0000
 4700.00  29.063  29.044 -0.0187  0.0000     1  0.2116  0.0000
 4750.00  29.080  29.079 -0.0009  0.0000     1  0.2047  0.0000
 4800.00  29.062  29.112  0.0502  0.0000     1  0.2001  0.0000
 4850.00  29.064  29.018 -0.0459  0.0000     1  0.1939  0.0000
 4900.00  29.145  29.158  0.0131  0.0000     1  0.1877  0.0000
 4950.00  29.206  29.205 -0.0003  0.0000     1  0.1834  0.0000

