[ref_star_dcc_flat.ms.L.fits] 1 765 180.00 1.100  4314.219  5020.913 
 4350.00   2.5354E-10   50.000      447894.
 4400.00   2.4663E-10   50.000      504234.
 4450.00   2.3993E-10   50.000      523552.
 4500.00   2.3342E-10   50.000      552071.
 4550.00   2.2711E-10   50.000      577476.
 4600.00   2.2099E-10   50.000      599711.
 4650.00   2.1505E-10   50.000      614855.
 4700.00   2.0928E-10   50.000      630146.
 4750.00   2.0369E-10   50.000      638015.
 4800.00   1.9827E-10   50.000      642987.
 4850.00   1.9301E-10   50.000      577680.
 4900.00   1.8790E-10   50.000      644138.
 4950.00   1.8295E-10   50.000      657590.
