NOAO/IRAF V2.16.1 ebiermann@uhura.astro.sunysb.edu Mon 19:39:27 12-Nov-2018
Sensitivity function for aperture 1:
Fitting function is spline3 of order 5 with 13 points and RMS of 0.0218.
       Image Airmass  Points   Shift RMS Fit   Dev 1   Dev 2   Dev 3
ref_star_dcc_flat.ms.L.fits   1.100      13  0.0000  0.0210 -0.0016 -0.0024  0.0032

  Lambda     Fit     Avg   Resid  SD Avg     N     Ext    Dext
 4350.00  28.532  28.531 -0.0011  0.0000     1  0.2719  0.0000
 4400.00  28.672  28.679  0.0076  0.0000     1  0.2622  0.0000
 4450.00  28.753  28.740 -0.0136  0.0000     1  0.2528  0.0000
 4500.00  28.815  28.816  0.0006  0.0000     1  0.2426  0.0000
 4550.00  28.874  28.885  0.0108  0.0000     1  0.2337  0.0000
 4600.00  28.937  28.946  0.0094  0.0000     1  0.2256  0.0000
 4650.00  29.007  28.996 -0.0110  0.0000     1  0.2188  0.0000
 4700.00  29.063  29.044 -0.0187  0.0000     1  0.2116  0.0000
 4750.00  29.080  29.079 -0.0009  0.0000     1  0.2047  0.0000
 4800.00  29.062  29.112  0.0502  0.0000     1  0.2001  0.0000
 4850.00  29.064  29.018 -0.0459  0.0000     1  0.1939  0.0000
 4900.00  29.145  29.158  0.0131  0.0000     1  0.1877  0.0000
 4950.00  29.206  29.205 -0.0003  0.0000     1  0.1834  0.0000

NOAO/IRAF V2.16.1 ebiermann@uhura.astro.sunysb.edu Mon 20:21:08 19-Nov-2018
Sensitivity function for aperture 1:
Fitting function is spline3 of order 6 with 26 points and RMS of 1.5297.
       Image Airmass  Points   Shift RMS Fit   Dev 1   Dev 2   Dev 3
ref_star_dcc_flat.ms.L.fits   1.100      13  0.0000  1.5000  1.5004  1.5006  1.4992
ref_star_dcc_flat.ms.L.fits   1.100      13  0.0000  1.5000 -1.4995 -1.4994 -1.5009

  Lambda     Fit     Avg   Resid  SD Avg     N     Ext    Dext
 4350.00  26.732  26.732  0.0000  1.0606     2  0.0000  0.0000
 4400.00  26.892  26.891 -0.0007  1.0606     2  0.0000  0.0000
 4450.00  26.959  26.962  0.0021  1.0607     2  0.0000  0.0000
 4500.00  27.049  27.049  0.0003  1.0607     2  0.0000  0.0000
 4550.00  27.135  27.128 -0.0073  1.0607     2  0.0000  0.0000
 4600.00  27.194  27.198  0.0041  1.0607     2  0.0000  0.0000
 4650.00  27.246  27.255  0.0094  1.0606     2  0.0000  0.0000
 4700.00  27.315  27.311 -0.0038  1.0606     2  0.0000  0.0000
 4750.00  27.375  27.354 -0.0210  1.0607     2  0.0000  0.0000
 4800.00  27.364  27.392  0.0282  1.0606     2  0.0000  0.0000
 4850.00  27.318  27.305 -0.0139  1.0607     2  0.0000  0.0000
 4900.00  27.450  27.452  0.0024  1.0607     2  0.0000  0.0000
 4950.00  27.503  27.503  0.0000  1.0607     2  0.0000  0.0000

NOAO/IRAF V2.16.1 ebiermann@uhura.astro.sunysb.edu Mon 20:39:55 19-Nov-2018
Sensitivity function for aperture 1:
Fitting function is spline3 of order 2 with 11 points and RMS of 0.0037.
       Image Airmass  Points   Shift RMS Fit   Dev 1   Dev 2   Dev 3
ref_star_dcc_flat.ms.L.fits   1.100      11  0.0000  0.0035 -0.0003 -0.0005  0.0007

  Lambda     Fit     Avg   Resid  SD Avg     N     Ext    Dext
 4400.00  28.678  28.679  0.0018  0.0000     1  0.2622  0.0000
 4450.00  28.744  28.740 -0.0048  0.0000     1  0.2528  0.0000
 4500.00  28.814  28.816  0.0022  0.0000     1  0.2426  0.0000
 4550.00  28.882  28.885  0.0028  0.0000     1  0.2337  0.0000
 4600.00  28.945  28.946  0.0011  0.0000     1  0.2256  0.0000
 4650.00  29.001  28.996 -0.0050  0.0000     1  0.2188  0.0000
 4700.00  29.045  29.044 -0.0007  0.0000     1  0.2116  0.0000
 4750.00  29.079  29.079  0.0007  0.0000     1  0.2047  0.0000
 4800.00  29.107  29.112  0.0051  0.0000     1  0.2001  0.0000
 4900.00  29.164  29.158 -0.0058  0.0000     1  0.1877  0.0000
 4950.00  29.203  29.205  0.0027  0.0000     1  0.1834  0.0000

NOAO/IRAF V2.16.1 ebiermann@uhura.astro.sunysb.edu Mon 20:44:56 19-Nov-2018
Sensitivity function for aperture 1:
Fitting function is spline3 of order 6 with 13 points and RMS of 0.0118.
       Image Airmass  Points   Shift RMS Fit   Dev 1   Dev 2   Dev 3
ref_star_dcc_flat.ms.L.fits   1.100      13  0.0000  0.0114  0.0004  0.0007 -0.0009

  Lambda     Fit     Avg   Resid  SD Avg     N     Ext    Dext
 4350.00  28.531  28.531  0.0000  0.0000     1  0.2719  0.0000
 4400.00  28.680  28.679 -0.0008  0.0000     1  0.2622  0.0000
 4450.00  28.737  28.740  0.0023  0.0000     1  0.2528  0.0000
 4500.00  28.816  28.816  0.0001  0.0000     1  0.2426  0.0000
 4550.00  28.892  28.885 -0.0072  0.0000     1  0.2337  0.0000
 4600.00  28.942  28.946  0.0041  0.0000     1  0.2256  0.0000
 4650.00  28.986  28.996  0.0097  0.0000     1  0.2188  0.0000
 4700.00  29.048  29.044 -0.0039  0.0000     1  0.2116  0.0000
 4750.00  29.101  29.079 -0.0214  0.0000     1  0.2047  0.0000
 4800.00  29.083  29.112  0.0289  0.0000     1  0.2001  0.0000
 4850.00  29.032  29.018 -0.0142  0.0000     1  0.1939  0.0000
 4900.00  29.156  29.158  0.0025  0.0000     1  0.1877  0.0000
 4950.00  29.205  29.205  0.0000  0.0000     1  0.1834  0.0000

NOAO/IRAF V2.16.1 ebiermann@uhura.astro.sunysb.edu Mon 20:45:22 19-Nov-2018
Sensitivity function for aperture 1:
Fitting function is spline3 of order 6 with 13 points and RMS of 0.0118.
       Image Airmass  Points   Shift RMS Fit   Dev 1   Dev 2   Dev 3
ref_star_dcc_flat.ms.L.fits   1.100      13  0.0000  0.0114  0.0004  0.0007 -0.0009

  Lambda     Fit     Avg   Resid  SD Avg     N     Ext    Dext
 4350.00  28.531  28.531  0.0000  0.0000     1  0.2719  0.0000
 4400.00  28.680  28.679 -0.0008  0.0000     1  0.2622  0.0000
 4450.00  28.737  28.740  0.0023  0.0000     1  0.2528  0.0000
 4500.00  28.816  28.816  0.0001  0.0000     1  0.2426  0.0000
 4550.00  28.892  28.885 -0.0072  0.0000     1  0.2337  0.0000
 4600.00  28.942  28.946  0.0041  0.0000     1  0.2256  0.0000
 4650.00  28.986  28.996  0.0097  0.0000     1  0.2188  0.0000
 4700.00  29.048  29.044 -0.0039  0.0000     1  0.2116  0.0000
 4750.00  29.101  29.079 -0.0214  0.0000     1  0.2047  0.0000
 4800.00  29.083  29.112  0.0289  0.0000     1  0.2001  0.0000
 4850.00  29.032  29.018 -0.0142  0.0000     1  0.1939  0.0000
 4900.00  29.156  29.158  0.0025  0.0000     1  0.1877  0.0000
 4950.00  29.205  29.205  0.0000  0.0000     1  0.1834  0.0000

NOAO/IRAF V2.16.1 ebiermann@uhura.astro.sunysb.edu Mon 20:48:22 19-Nov-2018
Sensitivity function for aperture 1:
Fitting function is spline3 of order 2 with 11 points and RMS of 0.0037.
       Image Airmass  Points   Shift RMS Fit   Dev 1   Dev 2   Dev 3
ref_star_dcc_flat.ms.L.fits   1.100      11  0.0000  0.0035 -0.0003 -0.0005  0.0007

  Lambda     Fit     Avg   Resid  SD Avg     N     Ext    Dext
 4400.00  28.678  28.679  0.0018  0.0000     1  0.2622  0.0000
 4450.00  28.744  28.740 -0.0048  0.0000     1  0.2528  0.0000
 4500.00  28.814  28.816  0.0022  0.0000     1  0.2426  0.0000
 4550.00  28.882  28.885  0.0028  0.0000     1  0.2337  0.0000
 4600.00  28.945  28.946  0.0011  0.0000     1  0.2256  0.0000
 4650.00  29.001  28.996 -0.0050  0.0000     1  0.2188  0.0000
 4700.00  29.045  29.044 -0.0007  0.0000     1  0.2116  0.0000
 4750.00  29.079  29.079  0.0007  0.0000     1  0.2047  0.0000
 4800.00  29.107  29.112  0.0051  0.0000     1  0.2001  0.0000
 4900.00  29.164  29.158 -0.0058  0.0000     1  0.1877  0.0000
 4950.00  29.203  29.205  0.0027  0.0000     1  0.1834  0.0000

NOAO/IRAF V2.16.1 ebiermann@uhura.astro.sunysb.edu Mon 20:55:10 19-Nov-2018
Sensitivity function for aperture 1:
Fitting function is spline3 of order 2 with 11 points and RMS of 0.0037.
       Image Airmass  Points   Shift RMS Fit   Dev 1   Dev 2   Dev 3
ref_star_dcc_flat.ms.L.fits   1.100      11  0.0000  0.0035 -0.0003 -0.0005  0.0007

  Lambda     Fit     Avg   Resid  SD Avg     N     Ext    Dext
 4400.00  28.678  28.679  0.0018  0.0000     1  0.2622  0.0000
 4450.00  28.744  28.740 -0.0048  0.0000     1  0.2528  0.0000
 4500.00  28.814  28.816  0.0022  0.0000     1  0.2426  0.0000
 4550.00  28.882  28.885  0.0028  0.0000     1  0.2337  0.0000
 4600.00  28.945  28.946  0.0011  0.0000     1  0.2256  0.0000
 4650.00  29.001  28.996 -0.0050  0.0000     1  0.2188  0.0000
 4700.00  29.045  29.044 -0.0007  0.0000     1  0.2116  0.0000
 4750.00  29.079  29.079  0.0007  0.0000     1  0.2047  0.0000
 4800.00  29.107  29.112  0.0051  0.0000     1  0.2001  0.0000
 4900.00  29.164  29.158 -0.0058  0.0000     1  0.1877  0.0000
 4950.00  29.203  29.205  0.0027  0.0000     1  0.1834  0.0000

