4314.21909618293  1.177766E-12
4315.14408740313  2.337669E-12
4316.06907862334  1.921146E-12
4316.99406984354  5.627226E-13
4317.91906106375  1.423354E-12
4318.84405228396  1.557586E-12
4319.76904350417  1.859204E-12
4320.69403472437  2.352173E-12
4321.61902594458  1.661060E-12
4322.54401716478  1.281776E-12
4323.46900838499  1.880163E-12
4324.3939996052  1.180953E-12
4325.3189908254  1.759005E-12
4326.24398204561  1.229888E-12
4327.16897326582  1.320665E-12
4328.09396448602  1.724596E-12
4329.01895570623  1.718468E-12
4329.94394692644  1.655144E-12
4330.86893814664  8.775685E-13
4331.79392936685  1.593001E-12
4332.71892058706  2.982945E-12
4333.64391180726  3.341751E-12
4334.56890302747  3.647706E-12
4335.49389424768  3.486728E-12
4336.41888546788  3.729672E-12
4337.34387668809  4.451487E-12
4338.2688679083  1.241170E-11
4339.1938591285  2.619362E-11
4340.11885034871  3.016305E-11
4341.04384156892  2.142528E-11
4341.96883278912  8.442991E-12
4342.89382400933  1.723315E-12
4343.81881522954  1.221169E-12
4344.74380644974  1.785432E-12
4345.66879766995  2.015872E-12
4346.59378889016  1.339132E-12
4347.51878011037  1.311048E-12
4348.44377133057  1.087984E-12
4349.36876255078  1.399025E-12
4350.29375377098  1.389499E-12
4351.21874499119  1.507171E-12
4352.1437362114  8.011369E-13
4353.0687274316  4.639013E-13
4353.99371865181  9.789744E-13
4354.91870987202  5.539387E-13
4355.84370109222  7.751998E-13
4356.76869231243  1.537607E-12
4357.69368353264  2.385013E-12
4358.61867475284  3.581606E-12
4359.54366597305  3.443697E-12
4360.46865719326  5.060925E-12
4361.39364841347  9.346722E-12
4362.31863963367  1.194276E-11
4363.24363085388  9.932155E-12
4364.16862207408  4.633858E-12
4365.09361329429  5.828824E-13
4366.0186045145  2.567462E-13
4366.9435957347  7.745710E-13
4367.86858695491  8.829888E-13
4368.79357817512  1.570554E-13
4369.71856939532  -2.853751E-13
4370.64356061553  -6.643517E-13
4371.56855183574  1.698106E-13
4372.49354305594  2.215104E-13
4373.41853427615  3.295723E-13
4374.34352549636  9.425771E-13
4375.26851671657  1.863906E-13
4376.19350793677  1.057567E-12
4377.11849915698  2.372179E-12
4378.04349037718  1.338869E-12
4378.96848159739  1.219971E-12
4379.8934728176  1.079548E-12
4380.8184640378  1.061723E-12
4381.74345525801  9.786321E-13
4382.66844647822  -1.904589E-13
4383.59343769842  -3.947611E-13
4384.51842891863  7.639673E-13
4385.44342013884  1.734957E-12
4386.36841135904  1.297551E-12
4387.29340257925  1.402576E-12
4388.21839379946  9.766230E-13
4389.14338501966  -1.509069E-13
4390.06837623987  -5.468397E-13
4390.99336746008  8.547309E-13
4391.91835868028  5.618099E-13
4392.84334990049  8.473458E-13
4393.7683411207  1.656838E-12
4394.6933323409  -2.231207E-13
4395.61832356111  9.374902E-13
4396.54331478132  1.183705E-12
4397.46830600152  2.025581E-13
4398.39329722173  -9.637187E-13
4399.31828844194  5.305961E-13
4400.24327966214  6.629147E-13
4401.16827088235  6.088994E-13
4402.09326210256  4.942505E-13
4403.01825332276  3.262148E-13
4403.94324454297  6.908670E-13
4404.86823576318  5.645398E-13
4405.79322698338  -4.175262E-13
4406.71821820359  4.034456E-13
4407.6432094238  5.716134E-13
4408.568200644  7.949789E-13
4409.49319186421  4.710798E-13
4410.41818308442  5.509945E-13
4411.34317430462  6.993284E-13
4412.26816552483  5.516741E-13
4413.19315674504  1.038423E-12
4414.11814796525  8.035304E-13
4415.04313918545  1.131154E-12
4415.96813040566  1.516625E-12
4416.89312162586  1.193153E-12
4417.81811284607  2.673957E-13
4418.74310406628  1.080673E-13
4419.66809528648  2.276829E-13
4420.59308650669  2.670674E-13
4421.5180777269  6.683290E-13
4422.4430689471  2.999690E-13
4423.36806016731  2.078826E-13
4424.29305138752  1.122482E-12
4425.21804260772  5.631997E-13
4426.14303382793  2.375768E-13
4427.06802504814  7.088057E-14
4427.99301626834  -1.019194E-12
4428.91800748855  -4.627471E-13
4429.84299870876  7.577656E-13
4430.76798992897  3.511953E-13
4431.69298114917  9.654872E-13
4432.61797236938  1.528888E-12
4433.54296358958  5.725907E-13
4434.46795480979  5.210703E-13
4435.39294603  1.011237E-12
4436.3179372502  6.472651E-13
4437.24292847041  5.848356E-13
4438.16791969062  3.915768E-13
4439.09291091082  1.282781E-12
4440.01790213103  9.006448E-13
4440.94289335124  1.537527E-13
4441.86788457144  6.310961E-13
4442.79287579165  1.602826E-12
4443.71786701186  1.316873E-12
4444.64285823206  1.239198E-12
4445.56784945227  -1.960375E-13
4446.49284067248  -8.990258E-13
4447.41783189268  3.006527E-13
4448.34282311289  1.190564E-12
4449.2678143331  1.029783E-12
4450.1928055533  3.338795E-13
4451.11779677351  4.183592E-13
4452.04278799372  7.027387E-13
4452.96777921392  2.692005E-13
4453.89277043413  -1.046745E-13
4454.81776165434  5.073918E-13
4455.74275287454  2.871409E-13
4456.66774409475  -2.153004E-13
4457.59273531496  6.053958E-13
4458.51772653516  1.003637E-12
4459.44271775537  1.020355E-12
4460.36770897558  5.337480E-13
4461.29270019578  -2.766289E-13
4462.21769141599  -8.314230E-13
4463.1426826362  3.250143E-13
4464.0676738564  8.773921E-13
4464.99266507661  1.107777E-12
4465.91765629682  1.267939E-12
4466.84264751702  1.824368E-12
4467.76763873723  1.756828E-12
4468.69262995744  1.708755E-12
4469.61762117764  1.883159E-12
4470.54261239785  4.879266E-13
4471.46760361806  8.653069E-13
4472.39259483826  1.098634E-12
4473.31758605847  6.968731E-13
4474.24257727868  5.890123E-13
4475.16756849888  -1.892535E-14
4476.09255971909  2.190030E-13
4477.0175509393  1.684928E-13
4477.9425421595  -5.576366E-13
4478.86753337971  -1.528866E-13
4479.79252459992  6.394223E-13
4480.71751582012  1.055125E-12
4481.64250704033  7.298084E-13
4482.56749826054  1.385246E-12
4483.49248948074  1.550116E-12
4484.41748070095  1.531532E-12
4485.34247192116  1.345971E-12
4486.26746314136  7.275437E-13
4487.19245436157  2.073223E-13
4488.11744558178  5.954380E-13
4489.04243680198  1.076066E-12
4489.96742802219  7.029530E-13
4490.8924192424  6.902983E-14
4491.8174104626  4.706283E-13
4492.74240168281  1.049361E-12
4493.66739290302  6.838894E-13
4494.59238412322  8.464289E-13
4495.51737534343  7.459246E-13
4496.44236656364  6.520652E-13
4497.36735778384  1.295044E-12
4498.29234900405  1.503042E-12
4499.21734022426  1.315435E-12
4500.14233144446  7.488238E-13
4501.06732266467  4.206476E-13
4501.99231388488  7.844643E-13
4502.91730510508  6.828871E-13
4503.84229632529  4.278398E-13
4504.7672875455  1.782187E-13
4505.6922787657  -3.034760E-13
4506.61726998591  -9.909349E-14
4507.54226120612  6.792571E-13
4508.46725242632  8.699307E-13
4509.39224364653  5.813317E-13
4510.31723486674  4.542948E-13
4511.24222608694  4.899191E-13
4512.16721730715  3.568009E-13
4513.09220852736  7.594393E-13
4514.01719974756  1.367558E-12
4514.94219096777  7.633512E-13
4515.86718218798  5.483161E-13
4516.79217340818  3.416514E-13
4517.71716462839  5.914336E-13
4518.6421558486  7.482490E-13
4519.5671470688  8.571419E-13
4520.49213828901  3.110868E-13
4521.41712950922  4.575104E-13
4522.34212072942  2.540128E-13
4523.26711194963  -2.461946E-13
4524.19210316984  -2.070500E-13
4525.11709439004  6.504492E-13
4526.04208561025  1.056000E-12
4526.96707683046  7.895839E-13
4527.89206805066  6.848776E-13
4528.81705927087  1.050119E-12
4529.74205049108  1.347945E-12
4530.66704171128  1.251478E-12
4531.59203293149  1.368666E-13
4532.5170241517  -1.905909E-13
4533.4420153719  6.468663E-14
4534.36700659211  6.887728E-13
4535.29199781232  1.142626E-12
4536.21698903252  1.258974E-12
4537.14198025273  4.733028E-13
4538.06697147294  1.339568E-12
4538.99196269314  1.403603E-12
4539.91695391335  1.268878E-12
4540.84194513356  4.958122E-13
4541.76693635376  -1.753734E-13
4542.69192757397  -3.249672E-13
4543.61691879418  4.898425E-13
4544.54191001438  5.365878E-13
4545.46690123459  2.952686E-13
4546.3918924548  5.370085E-13
4547.316883675  -1.658798E-13
4548.24187489521  1.793014E-13
4549.16686611542  -3.670064E-14
4550.09185733562  1.919426E-13
4551.01684855583  4.234626E-13
4551.94183977604  4.338063E-13
4552.86683099624  -5.285084E-13
4553.79182221645  -2.909882E-13
4554.71681343666  6.313473E-14
4555.64180465686  6.628277E-13
4556.56679587707  3.981699E-13
4557.49178709728  -5.639779E-14
4558.41677831748  6.002526E-13
4559.34176953769  6.971504E-13
4560.2667607579  1.186883E-12
4561.1917519781  7.554890E-13
4562.11674319831  -1.572458E-13
4563.04173441852  3.061922E-13
4563.96672563872  9.046801E-13
4564.89171685893  2.878311E-13
4565.81670807914  6.110652E-13
4566.74169929934  -2.164426E-13
4567.66669051955  -1.952184E-13
4568.59168173976  -1.126798E-13
4569.51667295996  4.847867E-14
4570.44166418017  3.570499E-13
4571.36665540038  5.891201E-14
4572.29164662058  1.491866E-13
4573.21663784079  6.112162E-14
4574.141629061  1.034489E-12
4575.0666202812  1.231604E-12
4575.99161150141  1.102766E-12
4576.91660272162  8.113414E-13
4577.84159394182  -1.093605E-13
4578.76658516203  -1.239133E-13
4579.69157638224  9.324259E-13
4580.61656760244  1.315658E-12
4581.54155882265  8.945089E-13
4582.46655004286  5.403987E-13
4583.39154126306  4.390787E-13
4584.31653248327  6.170542E-13
4585.24152370348  5.128486E-13
4586.16651492368  -5.110166E-14
4587.09150614389  9.059096E-13
4588.0164973641  3.683970E-13
4588.9414885843  -6.261672E-14
4589.86647980451  5.969942E-13
4590.79147102472  1.123130E-12
4591.71646224492  7.637657E-13
4592.64145346513  3.878598E-13
4593.56644468534  4.692998E-13
4594.49143590554  5.856959E-13
4595.41642712575  1.566813E-13
4596.34141834596  -2.779684E-13
4597.26640956616  3.450409E-13
4598.19140078637  2.517424E-13
4599.11639200658  9.489069E-14
4600.04138322678  8.233920E-13
4600.96637444699  7.838614E-13
4601.8913656672  8.113018E-13
4602.8163568874  6.262841E-13
4603.74134810761  -5.549083E-14
4604.66633932781  -1.290389E-13
4605.59133054802  2.136001E-13
4606.51632176823  2.104718E-13
4607.44131298844  -5.468799E-13
4608.36630420864  3.107269E-13
4609.29129542885  1.079381E-12
4610.21628664906  7.906698E-13
4611.14127786926  3.398908E-13
4612.06626908947  -6.963774E-13
4612.99126030968  8.615932E-14
4613.91625152988  7.906448E-13
4614.84124275009  8.836518E-14
4615.7662339703  2.079201E-13
4616.6912251905  6.699347E-13
4617.61621641071  6.115878E-13
4618.54120763092  1.204876E-12
4619.46619885112  7.993022E-13
4620.39119007133  -3.952391E-13
4621.31618129154  -2.641206E-13
4622.24117251174  -1.114978E-13
4623.16616373195  1.235455E-13
4624.09115495216  6.798235E-13
4625.01614617236  6.973668E-13
4625.94113739257  2.347879E-13
4626.86612861278  -7.937543E-14
4627.79111983298  1.225771E-13
4628.71611105319  1.046862E-12
4629.6411022734  1.086960E-12
4630.5660934936  8.765493E-13
4631.49108471381  1.110567E-12
4632.41607593402  7.634094E-13
4633.34106715422  4.817032E-13
4634.26605837443  -1.503391E-13
4635.19104959464  -3.719518E-13
4636.11604081484  1.333241E-12
4637.04103203505  2.521852E-12
4637.96602325526  1.325062E-12
4638.89101447546  2.904738E-13
4639.81600569567  7.082403E-13
4640.74099691588  1.125672E-13
4641.66598813608  7.197168E-13
4642.59097935629  1.205943E-12
4643.5159705765  1.046653E-12
4644.4409617967  1.098116E-12
4645.36595301691  7.671723E-13
4646.29094423712  5.292159E-13
4647.21593545732  7.698458E-13
4648.14092667753  8.878892E-13
4649.06591789774  1.302254E-12
4649.99090911794  1.009378E-12
4650.91590033815  2.616796E-13
4651.84089155836  4.951126E-14
4652.76588277856  5.272564E-13
4653.69087399877  1.112699E-12
4654.61586521898  1.131035E-12
4655.54085643918  1.073459E-12
4656.46584765939  9.734641E-13
4657.3908388796  2.045592E-13
4658.3158300998  2.284655E-13
4659.24082132001  4.091591E-13
4660.16581254022  -1.824376E-13
4661.09080376042  -4.893266E-13
4662.01579498063  2.064340E-13
4662.94078620084  1.091815E-13
4663.86577742104  -4.043788E-13
4664.79076864125  -1.233046E-13
4665.71575986146  -4.950497E-13
4666.64075108166  -3.110050E-13
4667.56574230187  1.745809E-13
4668.49073352208  3.168337E-13
4669.41572474228  5.866531E-13
4670.34071596249  9.968532E-13
4671.2657071827  1.191413E-12
4672.1906984029  8.562074E-13
4673.11568962311  1.149821E-12
4674.04068084332  9.125060E-13
4674.96567206352  3.810753E-13
4675.89066328373  2.294325E-13
4676.81565450394  1.326851E-12
4677.74064572414  1.460525E-12
4678.66563694435  9.511525E-13
4679.59062816456  7.532665E-12
4680.51561938476  3.095796E-11
4681.44061060497  5.409470E-11
4682.36560182518  5.352659E-11
4683.29059304538  3.223002E-11
4684.21558426559  6.859353E-12
4685.1405754858  1.264839E-12
4686.065566706  7.649201E-13
4686.99055792621  3.422099E-13
4687.91554914642  -1.957264E-13
4688.84054036662  5.426933E-13
4689.76553158683  1.118146E-12
4690.69052280704  6.621945E-13
4691.61551402724  3.843318E-13
4692.54050524745  4.853333E-13
4693.46549646766  3.822846E-13
4694.39048768786  -3.287573E-16
4695.31547890807  1.057399E-12
4696.24047012828  1.127727E-12
4697.16546134848  2.229875E-13
4698.09045256869  3.297486E-13
4699.0154437889  3.409477E-13
4699.9404350091  2.900069E-13
4700.86542622931  -2.451120E-14
4701.79041744952  4.631610E-14
4702.71540866972  4.478156E-13
4703.64039988993  5.824589E-13
4704.56539111013  2.014245E-13
4705.49038233034  1.286266E-12
4706.41537355055  4.037608E-12
4707.34036477076  6.185440E-12
4708.26535599096  5.848222E-12
4709.19034721117  3.973316E-12
4710.11533843138  1.957997E-12
4711.04032965158  1.052546E-12
4711.96532087179  2.505650E-13
4712.890312092  -3.065979E-13
4713.8153033122  1.463934E-13
4714.74029453241  4.628895E-13
4715.66528575262  4.960087E-13
4716.59027697282  4.923713E-13
4717.51526819303  3.452579E-13
4718.44025941324  1.125514E-13
4719.36525063344  6.516359E-13
4720.29024185365  6.808090E-13
4721.21523307386  1.610416E-12
4722.14022429406  1.259833E-12
4723.06521551427  4.750960E-13
4723.99020673447  2.666838E-13
4724.91519795468  3.237741E-13
4725.84018917489  4.040492E-13
4726.7651803951  8.181200E-13
4727.6901716153  7.687008E-13
4728.61516283551  8.033931E-14
4729.54015405572  1.310286E-13
4730.46514527592  -5.906528E-14
4731.39013649613  5.751386E-13
4732.31512771634  9.196474E-13
4733.24011893654  8.087702E-13
4734.16511015675  8.278170E-13
4735.09010137696  3.502095E-12
4736.01509259716  6.317585E-12
4736.94008381737  6.753144E-12
4737.86507503758  4.352960E-12
4738.79006625778  1.606350E-12
4739.71505747799  7.092654E-13
4740.6400486982  6.919074E-13
4741.5650399184  5.548662E-14
4742.49003113861  2.424111E-13
4743.41502235882  7.176327E-13
4744.34001357902  6.662019E-13
4745.26500479923  5.592160E-13
4746.18999601944  5.696522E-13
4747.11498723964  5.064879E-13
4748.03997845985  6.237803E-13
4748.96496968005  3.028137E-13
4749.88996090026  9.013194E-13
4750.81495212047  6.914603E-13
4751.73994334068  6.560347E-13
4752.66493456088  6.007169E-13
4753.58992578109  5.518102E-13
4754.5149170013  1.174454E-12
4755.4399082215  6.849059E-13
4756.36489944171  -1.841532E-13
4757.28989066192  -1.155461E-13
4758.21488188212  5.131734E-13
4759.13987310233  6.825013E-13
4760.06486432254  -2.490682E-13
4760.98985554274  7.497322E-14
4761.91484676295  1.285444E-12
4762.83983798316  1.244615E-12
4763.76482920336  5.526302E-13
4764.68982042357  4.243776E-13
4765.61481164378  1.080761E-12
4766.53980286398  8.864072E-13
4767.46479408419  4.737447E-13
4768.3897853044  8.677136E-13
4769.3147765246  9.303804E-13
4770.23976774481  3.523035E-13
4771.16475896502  1.289807E-13
4772.08975018522  3.806384E-13
4773.01474140543  3.500835E-13
4773.93973262563  4.193495E-13
4774.86472384584  4.829948E-13
4775.78971506605  3.428056E-13
4776.71470628625  6.398577E-13
4777.63969750646  5.037749E-13
4778.56468872667  4.802511E-13
4779.48967994688  4.012689E-13
4780.41467116708  4.269642E-14
4781.33966238729  1.515516E-13
4782.2646536075  5.963864E-13
4783.1896448277  6.418179E-13
4784.11463604791  3.277847E-13
4785.03962726812  2.005349E-13
4785.96461848832  1.167454E-13
4786.88960970853  9.283713E-13
4787.81460092874  -1.045028E-12
4788.73959214894  -2.606631E-12
4789.66458336915  -4.874794E-13
4790.58957458935  4.606985E-13
4791.51456580956  4.325690E-13
4792.43955702977  7.719445E-13
4793.36454824998  4.301261E-13
4794.28953947018  2.335709E-13
4795.21453069039  3.662209E-13
4796.1395219106  1.257737E-13
4797.0645131308  8.505943E-14
4797.98950435101  5.433798E-13
4798.91449557121  6.255771E-13
4799.83948679142  2.971597E-13
4800.76447801163  3.895867E-13
4801.68946923183  7.673867E-13
4802.61446045204  6.984185E-13
4803.53945167225  4.815034E-13
4804.46444289245  6.871306E-13
4805.38943411266  7.618758E-13
4806.31442533287  3.936001E-13
4807.23941655308  1.807554E-13
4808.16440777328  2.973975E-13
4809.08939899349  4.432005E-13
4810.0143902137  5.765210E-13
4810.9393814339  4.013352E-13
4811.86437265411  3.087725E-13
4812.78936387432  3.624189E-13
4813.71435509452  -5.751760E-14
4814.63934631473  -4.055071E-14
4815.56433753494  8.295548E-14
4816.48932875514  3.726740E-13
4817.41431997535  6.633886E-13
4818.33931119555  6.209655E-13
4819.26430241576  1.136353E-13
4820.18929363597  -9.537863E-14
4821.11428485618  4.439023E-13
4822.03927607638  5.924264E-13
4822.96426729659  8.128166E-13
4823.88925851679  8.859732E-13
4824.814249737  2.753440E-13
4825.73924095721  3.811173E-13
4826.66423217741  5.458698E-13
4827.58922339762  6.025188E-13
4828.51421461783  4.760801E-13
4829.43920583803  6.026974E-13
4830.36419705824  5.705573E-13
4831.28918827845  1.131730E-13
4832.21417949865  8.359689E-14
4833.13917071886  5.449976E-13
4834.06416193907  4.694985E-13
4834.98915315928  3.581259E-13
4835.91414437948  -1.456460E-13
4836.83913559969  2.700122E-13
4837.7641268199  5.515461E-13
4838.6891180401  6.008487E-13
4839.61410926031  6.781989E-13
4840.53910048052  4.308033E-13
4841.46409170072  5.882745E-13
4842.38908292093  4.320313E-13
4843.31407414113  3.567750E-13
4844.23906536134  7.355688E-13
4845.16405658155  2.319345E-13
4846.08904780175  4.362663E-13
4847.01403902196  3.607674E-14
4847.93903024217  5.821971E-13
4848.86402146237  8.367927E-13
4849.78901268258  5.571281E-13
4850.71400390279  4.164130E-13
4851.638995123  1.239885E-12
4852.5639863432  2.696246E-13
4853.48897756341  1.102610E-14
4854.41396878362  5.861433E-13
4855.33896000382  1.897521E-12
4856.26395122403  9.832824E-12
4857.18894244423  4.830669E-11
4858.11393366444  9.203369E-11
4859.03892488465  1.025904E-10
4859.96391610486  7.212888E-11
4860.88890732506  2.771322E-11
4861.81389854527  5.206157E-12
4862.73888976548  1.843940E-12
4863.66388098568  3.480926E-13
4864.58887220589  -3.996879E-13
4865.5138634261  4.538395E-13
4866.4388546463  3.527823E-13
4867.36384586651  -1.789404E-14
4868.28883708671  6.822967E-13
4869.21382830692  7.268207E-13
4870.13881952713  1.337013E-13
4871.06381074734  5.694151E-13
4871.98880196754  6.346935E-13
4872.91379318775  4.870137E-14
4873.83878440795  3.203748E-13
4874.76377562816  6.579999E-13
4875.68876684837  -8.512594E-13
4876.61375806857  -1.635169E-12
4877.53874928878  -8.519237E-13
4878.46374050899  -6.745283E-13
4879.3887317292  -1.814891E-13
4880.3137229494  4.722107E-13
4881.23871416961  4.401814E-13
4882.16370538982  3.358051E-13
4883.08869661002  5.397323E-13
4884.01368783023  7.275381E-13
4884.93867905043  2.007008E-13
4885.86367027064  2.015875E-13
4886.78866149085  8.471092E-13
4887.71365271106  -1.712541E-13
4888.63864393126  4.085700E-13
4889.56363515147  -2.321379E-12
4890.48862637167  -1.369531E-11
4891.41361759188  -1.032934E-11
4892.33860881209  1.813381E-12
4893.26360003229  1.229959E-13
4894.1885912525  2.422502E-13
4895.11358247271  2.447632E-13
4896.03857369291  5.411596E-13
4896.96356491312  2.556712E-13
4897.88855613333  8.540028E-15
4898.81354735354  1.545298E-13
4899.73853857374  4.589503E-13
4900.66352979395  6.283590E-13
4901.58852101416  2.512677E-13
4902.51351223436  3.093362E-13
4903.43850345457  -9.625180E-14
4904.36349467477  2.744584E-13
4905.28848589498  5.606696E-13
4906.21347711519  3.545950E-13
4907.13846833539  6.032505E-13
4908.0634595556  5.489187E-13
4908.98845077581  5.352609E-14
4909.91344199602  4.231291E-13
4910.83843321622  1.103833E-12
4911.76342443643  7.161635E-13
4912.68841565663  3.089038E-13
4913.61340687684  2.887360E-13
4914.53839809705  4.953621E-13
4915.46338931726  3.876638E-13
4916.38838053746  -9.272940E-14
4917.31337175767  1.915836E-13
4918.23836297787  8.674052E-13
4919.16335419808  9.443823E-13
4920.08834541829  1.078740E-12
4921.01333663849  9.551153E-13
4921.9383278587  7.895613E-13
4922.86331907891  8.985998E-14
4923.78831029911  -2.693223E-13
4924.71330151932  1.001598E-13
4925.63829273953  2.389500E-13
4926.56328395973  3.892473E-13
4927.48827517994  2.172389E-13
4928.41326640015  1.495655E-13
4929.33825762036  6.090002E-15
4930.26324884056  -1.741073E-14
4931.18824006077  8.056287E-13
4932.11323128097  1.119308E-12
4933.03822250118  7.883353E-13
4933.96321372139  3.830475E-13
4934.88820494159  6.502289E-14
4935.8131961618  2.013571E-15
4936.73818738201  8.633980E-14
4937.66317860221  1.693555E-13
4938.58816982242  4.031231E-13
4939.51316104263  1.049260E-14
4940.43815226283  -4.118644E-13
4941.36314348304  8.220016E-14
4942.28813470325  5.163113E-14
4943.21312592345  3.407659E-13
4944.13811714366  -1.869056E-12
4945.06310836387  -5.269215E-12
4945.98809958407  -2.117364E-12
4946.91309080428  1.264500E-12
4947.83808202449  5.064946E-13
4948.76307324469  4.923444E-13
4949.6880644649  4.461729E-13
4950.61305568511  2.043953E-13
4951.53804690531  4.112805E-13
4952.46303812552  7.226904E-13
4953.38802934573  5.625527E-13
4954.31302056594  -1.397039E-12
4955.23801178614  2.803749E-11
4956.16300300635  1.663836E-10
4957.08799422656  3.533734E-10
4958.01298544676  4.089186E-10
4958.93797666697  3.009808E-10
4959.86296788717  1.217986E-10
4960.78795910738  2.543593E-11
4961.71295032759  6.152810E-12
4962.63794154779  2.757859E-12
4963.562932768  1.287055E-12
4964.48792398821  4.431472E-13
4965.41291520841  7.522266E-13
4966.33790642862  9.436952E-13
4967.26289764883  1.192500E-12
4968.18788886903  6.633996E-13
4969.11288008924  -5.987139E-13
4970.03787130945  1.441994E-13
4970.96286252966  5.911069E-13
4971.88785374986  -1.885007E-13
4972.81284497007  -1.138331E-12
4973.73783619027  2.095082E-13
4974.66282741048  -2.121844E-13
4975.58781863069  -6.986609E-13
4976.51280985089  -1.918303E-13
4977.4378010711  1.041847E-12
4978.36279229131  -2.045855E-13
4979.28778351151  -1.892036E-12
4980.21277473172  -9.863156E-13
4981.13776595193  3.468138E-13
4982.06275717214  6.213229E-14
4982.98774839234  -8.429652E-13
4983.91273961255  -4.759426E-13
4984.83773083275  1.128720E-13
4985.76272205296  -5.555222E-13
4986.68771327317  -7.514089E-13
4987.61270449337  3.576039E-13
4988.53769571358  5.186948E-13
4989.46268693379  -4.633597E-13
4990.38767815399  -9.127029E-13
4991.3126693742  -6.991907E-13
4992.23766059441  2.249736E-13
4993.16265181461  6.038326E-13
4994.08764303482  3.032569E-13
4995.01263425503  -9.343537E-13
4995.93762547523  -2.396619E-12
4996.86261669544  -1.028167E-12
4997.78760791565  7.286577E-13
4998.71259913586  4.334309E-13
4999.63759035606  4.101379E-13
5000.56258157627  9.974248E-13
5001.48757279647  2.405786E-12
5002.41256401668  5.274940E-13
5003.33755523689  2.182039E-12
5004.26254645709  1.676899E-10
5005.1875376773  6.581738E-10
5006.11252889751  1.134136E-9
5007.03752011771  1.143393E-9
5007.96251133792  7.367775E-10
5008.88750255813  2.572125E-10
5009.81249377833  5.469728E-11
5010.73748499854  1.351510E-11
5011.66247621875  4.845449E-12
5012.58746743895  3.103036E-12
5013.51245865916  2.108526E-12
5014.43744987937  1.012399E-12
5015.36244109957  1.277296E-12
5016.28743231978  9.968767E-13
5017.21242353999  8.479561E-13
5018.13741476019  -6.200590E-13
5019.0624059804  -2.346010E-12
5019.98739720061  -9.152333E-13
5020.91238842081  -1.809251E-13
