5.644444444444444997e+01 4.703703703703704386e-01 9.195621981016501856e-01 4.433865720542637945e-01
6.585185185185186185e+01 4.703703703703704386e-01 4.619705355332429098e-01 1.983978224736991647e-01
7.525925925925926663e+01 4.703703703703704386e-01 3.573839250065682371e-01 7.366669858218523326e-02
8.466666666666667140e+01 4.703703703703704386e-01 4.882352189383540875e-01 8.176963332408077045e-02
9.407407407407409039e+01 4.703703703703704386e-01 4.696828512628205554e-01 1.645770310020818264e-02
1.034814814814814952e+02 4.703703703703704386e-01 9.056769679134529794e-01 1.116488813934099766e-01
1.128888888888888999e+02 4.703703703703704386e-01 8.325198780629886608e-01 8.925354608856091165e-02
1.222962962962963047e+02 4.703703703703704386e-01 7.933823236142730773e-01 4.487996382824706310e-02
1.317037037037037237e+02 4.703703703703704386e-01 7.339191896445407259e-01 2.019982829198575455e-02
1.448740740740740875e+02 4.703703703703704386e-01 9.370225954541968605e-01 7.217427652351018907e-02
