5.644444444444444997e+01 3.528047408768615069e-04 3.923845984902612494e-01 2.514348968100935805e-02
6.585185185185186185e+01 5.122909597166530344e-04 2.371495194588662259e-01 2.313136135398773108e-02
7.525925925925926663e+01 5.135952434301491306e-04 2.118381347463119402e-01 7.191642415727728110e-03
8.466666666666667140e+01 4.850954087141490082e-04 1.202428312952023570e-01 2.562078597608595607e-03
9.407407407407409039e+01 7.066469074805655295e-04 4.139315652851417032e-02 1.366535420018651255e-03
1.034814814814814952e+02 2.873574364729340421e-04 -1.005853494310108599e-02 7.523702303864075736e-02
1.128888888888888999e+02 3.964512954066711056e-04 1.134537143942036391e-01 1.400921541529435467e-02
1.222962962962963047e+02 1.637158785484422346e-04 1.135269122637988098e-01 1.048196255545463633e-02
1.317037037037037237e+02 2.123092363790405983e-04 1.627011390878498609e-01 1.586676573199603119e-02
1.448740740740740875e+02 3.287113133052906033e-02 1.466972225068264024e-01 1.249977131650333029e-02
